   1.2500000000000000E-03  -3.0636143393504491E-02
   3.7499999999999999E-03  -3.0636143393497284E-02
   6.2500000000000003E-03  -3.0636143393501090E-02
   8.7500000000000008E-03  -3.0636143393500993E-02
   1.1250000000000000E-02  -3.0636143393495126E-02
   1.3750000000000000E-02  -3.0636143393495126E-02
   1.6250000000000001E-02  -3.0636143393506423E-02
   1.8749999999999999E-02  -3.0636143393508324E-02
   2.1250000000000002E-02  -3.0636143393527687E-02
   2.3750000000000000E-02  -3.0636143393537010E-02
   2.6249999999999999E-02  -3.0636143393521931E-02
   2.8750000000000001E-02  -3.0636143393502825E-02
   3.1250000000000000E-02  -3.0636143393510257E-02
   3.3750000000000002E-02  -3.0636143393517844E-02
   3.6249999999999998E-02  -3.0636143393502669E-02
   3.8750000000000000E-02  -3.0636143393489669E-02
   4.1250000000000002E-02  -3.0636143393480208E-02
   4.3750000000000004E-02  -3.0636143393491473E-02
   4.6249999999999999E-02  -3.0636143393498835E-02
   4.8750000000000002E-02  -3.0636143393506801E-02
   5.1250000000000004E-02  -3.0636143393514163E-02
   5.3749999999999999E-02  -3.0636143393519721E-02
   5.6250000000000001E-02  -3.0636143393519721E-02
   5.8750000000000004E-02  -3.0636143393519902E-02
   6.1249999999999999E-02  -3.0636143393540760E-02
   6.3750000000000001E-02  -3.0636143393548376E-02
   6.6250000000000003E-02  -3.0636143393553861E-02
   6.8750000000000006E-02  -3.0636143393559544E-02
   7.1250000000000008E-02  -3.0636143393540663E-02
   7.3749999999999996E-02  -3.0636143393517942E-02
   7.6249999999999998E-02  -3.0636143393516266E-02
   7.8750000000000001E-02  -3.0636143393521751E-02
   8.1250000000000003E-02  -3.0636143393538914E-02
   8.3750000000000005E-02  -3.0636143393553861E-02
   8.6250000000000007E-02  -3.0636143393574719E-02
   8.8749999999999996E-02  -3.0636143393582491E-02
   9.1249999999999998E-02  -3.0636143393565605E-02
   9.3750000000000000E-02  -3.0636143393553861E-02
   9.6250000000000002E-02  -3.0636143393510611E-02
   9.8750000000000004E-02  -3.0636143393502641E-02
   0.1012500000000000  -3.0636143393499158E-02
   0.1037500000000000  -3.0636143393501090E-02
   0.1062500000000000  -3.0636143393506801E-02
   0.1087500000000000  -3.0636143393519721E-02
   0.1112500000000000  -3.0636143393521779E-02
   0.1137500000000000  -3.0636143393529242E-02
   0.1162500000000000  -3.0636143393553861E-02
   0.1187500000000000  -3.0636143393567104E-02
   0.1212500000000000  -3.0636143393559839E-02
   0.1237500000000000  -3.0636143393533356E-02
   0.1262500000000000  -3.0636143393519749E-02
   0.1287500000000000  -3.0636143393504549E-02
   0.1312500000000000  -3.0636143393500782E-02
   0.1337500000000000  -3.0636143393495321E-02
   0.1362500000000000  -3.0636143393483958E-02
   0.1387500000000000  -3.0636143393495321E-02
   0.1412500000000000  -3.0636143393504491E-02
   0.1437500000000000  -3.0636143393502784E-02
   0.1462500000000000  -3.0636143393508366E-02
   0.1487500000000000  -3.0636143393536840E-02
   0.1512500000000000  -3.0636143393618531E-02
   0.1537500000000000  -3.0636143393864855E-02
   0.1562500000000000  -3.0636143394456250E-02
   0.1587500000000000  -3.0636143395855721E-02
   0.1612500000000000  -3.0636143399038848E-02
   0.1637500000000000  -3.0636143406339859E-02
   0.1662500000000000  -3.0636143422826306E-02
   0.1687500000000000  -3.0636143459782890E-02
   0.1712500000000000  -3.0636143542301333E-02
   0.1737500000000000  -3.0636143725244692E-02
   0.1762500000000000  -3.0636144127386650E-02
   0.1787500000000000  -3.0636145004696542E-02
   0.1812500000000000  -3.0636146904870553E-02
   0.1837500000000000  -3.0636150991455446E-02
   0.1862500000000000  -3.0636159719744014E-02
   0.1887500000000000  -3.0636178237641368E-02
   0.1912500000000000  -3.0636217271803351E-02
   0.1937500000000000  -3.0636299041210756E-02
   0.1962500000000000  -3.0636469314684247E-02
   0.1987500000000000  -3.0636821879106883E-02
   0.2012500000000000  -3.0637547983541461E-02
   0.2037500000000000  -3.0639035874917672E-02
   0.2062500000000000  -3.0642070504326855E-02
   0.2087500000000000  -3.0648233055263489E-02
   0.2112500000000000  -3.0660698269675692E-02
   0.2137500000000000  -3.0685822423046759E-02
   0.2162500000000000  -3.0736300449103714E-02
   0.2187500000000000  -3.0837434052319285E-02
   0.2212500000000000  -3.1039519897436495E-02
   0.2237500000000000  -3.1441367686533508E-02
   0.2262500000000000  -3.2235263764348730E-02
   0.2287500000000000  -3.3792332483155545E-02
   0.2312500000000000  -3.6820235231590163E-02
   0.2337500000000000  -4.2646641301571357E-02
   0.2362500000000000  -5.3701208892070140E-02
   0.2387500000000000  -7.4239785838626740E-02
   0.2412500000000000  -0.1110797428447169
   0.2437500000000000  -0.1729197502151456
   0.2462500000000000  -0.2630752558749513
   0.2487500000000000  -0.3551007152370685
   0.2512500000000000  -0.3638796178835973
   0.2537500000000000  -0.2180409247349810
   0.2562500000000000  -9.5192162172980585E-02
   0.2587500000000000  -6.6309703119326116E-02
   0.2612500000000000  -5.9527046257825830E-02
   0.2637500000000000  -5.7931025984121899E-02
   0.2662500000000000  -5.7464783329582353E-02
   0.2687500000000000  -5.7319287293097460E-02
   0.2712500000000000  -5.7251821139625410E-02
   0.2737500000000000  -5.7199846488698455E-02
   0.2762500000000000  -5.7115341746149247E-02
   0.2787500000000000  -5.6966562853533874E-02
   0.2812500000000000  -5.6765979052853556E-02
   0.2837500000000000  -5.6571557084344012E-02
   0.2862500000000000  -5.6501714717365502E-02
   0.2887500000000000  -5.6475150245079660E-02
   0.2912500000000000  -5.6460643535236513E-02
   0.2937500000000000  -5.6445327463401827E-02
   0.2962500000000000  -5.6421657903253195E-02
   0.2987500000000000  -5.6384812631566340E-02
   0.3012500000000000  -5.6337690951099417E-02
   0.3037500000000000  -5.6291594463957206E-02
   0.3062500000000000  -5.6271810014119183E-02
   0.3087500000000000  -5.6263853954352024E-02
   0.3112500000000000  -5.6259635987820113E-02
   0.3137500000000000  -5.6252960176315710E-02
   0.3162500000000000  -5.6240122911881830E-02
   0.3187500000000000  -5.6221628899958367E-02
   0.3212500000000000  -5.6201454423004754E-02
   0.3237500000000000  -5.6183890424971260E-02
   0.3262500000000000  -5.6171798619063885E-02
   0.3287500000000000  -5.6165983631402780E-02
   0.3312500000000000  -5.6162360999754635E-02
   0.3337500000000000  -5.6158331766726771E-02
   0.3362500000000000  -5.6152715047619893E-02
   0.3387500000000000  -5.6144853810193261E-02
   0.3412500000000000  -5.6135634750727643E-02
   0.3437500000000000  -5.6126828022899908E-02
   0.3462500000000000  -5.6120122610749654E-02
   0.3487500000000000  -5.6115648073715441E-02
   0.3512500000000000  -5.6111984111087553E-02
   0.3537500000000000  -5.6107446209160902E-02
   0.3562500000000000  -5.6101610980330972E-02
   0.3587500000000000  -5.6095505633162603E-02
   0.3612500000000000  -5.6090444411358298E-02
   0.3637500000000000  -5.6086749414874980E-02
   0.3662500000000000  -5.6083622212220970E-02
   0.3687500000000000  -5.6080096694246670E-02
   0.3712500000000000  -5.6075960961086586E-02
   0.3737500000000000  -5.6071721971714276E-02
   0.3762500000000000  -5.6067869049530907E-02
   0.3787500000000000  -5.6064362826653391E-02
   0.3812500000000000  -5.6060839380112061E-02
   0.3837500000000000  -5.6057147217505765E-02
   0.3862500000000000  -5.6053531075147753E-02
   0.3887500000000000  -5.6050318917880627E-02
   0.3912500000000000  -5.6047562949916238E-02
   0.3937500000000000  -5.6045058132216767E-02
   0.3962500000000000  -5.6042615826448039E-02
   0.3987500000000000  -5.6040212433329385E-02
   0.4012500000000000  -5.6037873977078899E-02
   0.4037500000000000  -5.6035522791531629E-02
   0.4062500000000000  -5.6033047163472155E-02
   0.4087500000000000  -5.6030471435189952E-02
   0.4112500000000000  -5.6028000893579399E-02
   0.4137500000000000  -5.6025812211228647E-02
   0.4162500000000000  -5.6023847906497254E-02
   0.4187500000000000  -5.6021914193232207E-02
   0.4212500000000000  -5.6019830318535337E-02
   0.4237500000000000  -5.6017688680807066E-02
   0.4262500000000000  -5.6015618225845928E-02
   0.4287500000000000  -5.6013642004154977E-02
   0.4312500000000000  -5.6011724407377332E-02
   0.4337500000000000  -5.6009716013772165E-02
   0.4362500000000000  -5.6007743108274645E-02
   0.4387500000000000  -5.6005967994532925E-02
   0.4412500000000000  -5.6004291846948592E-02
   0.4437500000000000  -5.6002671978454995E-02
   0.4462500000000000  -5.6000917856025172E-02
   0.4487500000000000  -5.5998901782523154E-02
   0.4512500000000000  -5.5997006753340128E-02
   0.4537500000000000  -5.5995325095649612E-02
   0.4562500000000000  -5.5993766797699143E-02
   0.4587500000000000  -5.5992356659144905E-02
   0.4612500000000000  -5.5990976974149370E-02
   0.4637500000000000  -5.5989465318892803E-02
   0.4662500000000000  -5.5987979682274404E-02
   0.4687500000000000  -5.5986585701091870E-02
   0.4712500000000000  -5.5985140258525377E-02
   0.4737500000000000  -5.5983626501470596E-02
   0.4762500000000000  -5.5982092977627074E-02
   0.4787500000000000  -5.5980729892394096E-02
   0.4812500000000000  -5.5979456565174578E-02
   0.4837500000000000  -5.5977992618290402E-02
   0.4862500000000000  -5.5976156835572416E-02
   0.4887500000000000  -5.5974469961836401E-02
   0.4912500000000000  -5.5973024626729755E-02
   0.4937500000000000  -5.5971477840865674E-02
   0.4962500000000000  -5.5969850581895547E-02
   0.4987500000000000  -5.5968688532292026E-02
   0.5012500000000000  -5.5967841988146784E-02
   0.5037500000000000  -5.5966427130604963E-02
   0.5062500000000000  -5.5964701866731748E-02
   0.5087500000000000  -5.5963486576161216E-02
   0.5112500000000000  -5.5962647466360566E-02
   0.5137500000000000  -5.5961314282356289E-02
   0.5162500000000000  -5.5959094188723128E-02
   0.5187500000000000  -5.5957224880404922E-02
   0.5212500000000000  -5.5956137854263475E-02
   0.5237500000000000  -5.5954917753978345E-02
   0.5262500000000000  -5.5952563383251490E-02
   0.5287500000000001  -5.5949579036656483E-02
   0.5312500000000000  -5.5948222013607982E-02
   0.5337500000000001  -5.5947633726633021E-02
   0.5362500000000000  -5.5947667059561765E-02
   0.5387500000000001  -5.5948590072154705E-02
   0.5412500000000000  -5.5949054856983448E-02
   0.5437500000000001  -5.5949971901583628E-02
   0.5462500000000000  -5.5951404964518378E-02
   0.5487500000000000  -5.5952635963552953E-02
   0.5512500000000000  -5.5953356059593520E-02
   0.5537500000000000  -5.5954536260041800E-02
   0.5562500000000000  -5.5955457237291811E-02
   0.5587500000000000  -5.5956553107207402E-02
   0.5612500000000000  -5.5958018006961666E-02
   0.5637500000000000  -5.5961045050760855E-02
   0.5662500000000000  -5.5967642905595437E-02
   0.5687500000000000  -5.5982260405756108E-02
   0.5712500000000000  -5.6014405109340470E-02
   0.5737500000000000  -5.6086318308547913E-02
   0.5762500000000000  -5.6252956860563121E-02
   0.5787500000000000  -5.6642995824952601E-02
   0.5812500000000000  -5.7550871189601296E-02
   0.5837500000000000  -5.9678371778211239E-02
   0.5862500000000000  -6.4731081101628410E-02
   0.5887500000000000  -7.6728717901688281E-02
   0.5912500000000001  -0.1054802004569644
   0.5937500000000000  -0.1745150097902111
   0.5962500000000001  -0.3284519958516708
   0.5987500000000000  -0.5059983022723178
   0.6012500000000001  -0.6860504175000859
   0.6037500000000000  -0.8527344464484520
   0.6062500000000001  -0.9936309443261779
   0.6087500000000000  -1.1026831918575359
   0.6112500000000000  -1.1806620221533455
   0.6137500000000000  -1.2328348788082519
   0.6162500000000000  -1.2659442463249801
   0.6187500000000000  -1.2861246669362458
   0.6212500000000000  -1.2980639890332306
   0.6237500000000000  -1.3049805334208260
   0.6262500000000000  -1.3089331536547995
   0.6287500000000000  -1.3111768233918035
   0.6312500000000000  -1.3124508096869920
   0.6337500000000000  -1.3131798646426238
   0.6362500000000000  -1.3136036686453210
   0.6387500000000000  -1.3138559288815330
   0.6412500000000000  -1.3140108348331925
   0.6437500000000000  -1.3141095615552956
   0.6462500000000000  -1.3141752208665389
   0.6487500000000000  -1.3142212124666852
   0.6512500000000000  -1.3142555522491723
   0.6537500000000001  -1.3142830182384002
   0.6562500000000000  -1.3143064149612713
   0.6587500000000001  -1.3143274333372383
   0.6612500000000000  -1.3143471321573998
   0.6637500000000001  -1.3143661491642042
   0.6662500000000000  -1.3143847802917044
   0.6687500000000001  -1.3144029573889822
   0.6712500000000000  -1.3144202898174384
   0.6737500000000000  -1.3144365110342282
   0.6762500000000000  -1.3144520747252719
   0.6787500000000000  -1.3144680600776135
   0.6812500000000000  -1.3144853028911032
   0.6837500000000000  -1.3145036029441599
   0.6862500000000000  -1.3145218704060455
   0.6887500000000000  -1.3145391181822668
   0.6912500000000000  -1.3145555575682297
   0.6937500000000000  -1.3145727931922802
   0.6962500000000000  -1.3145926968825687
   0.6987500000000000  -1.3146155966434099
   0.7012500000000000  -1.3146394697049404
   0.7037500000000000  -1.3146611796888985
   0.7062500000000000  -1.3146788856769531
   0.7087500000000000  -1.3146937616900771
   0.7112500000000000  -1.3147096695116596
   0.7137500000000000  -1.3147309323357106
   0.7162500000000001  -1.3147594334789983
   0.7187500000000000  -1.3147929775056655
   0.7212500000000001  -1.3148261807371584
   0.7237500000000000  -1.3148536188190376
   0.7262500000000001  -1.3148731508946094
   0.7287500000000000  -1.3148874932171672
   0.7312500000000001  -1.3149033374826378
   0.7337500000000000  -1.3149283420459217
   0.7362500000000000  -1.3149673422426531
   0.7387500000000000  -1.3150196229041213
   0.7412500000000000  -1.3150789282648319
   0.7437500000000000  -1.3151359092826789
   0.7462500000000000  -1.3151818802163437
   0.7487500000000000  -1.3152123569309131
   0.7512500000000000  -1.3152291948512509
   0.7537500000000000  -1.3152403013528999
   0.7562500000000000  -1.3152569940147281
   0.7587500000000000  -1.3152974858149273
   0.7612500000000000  -1.3154104871943604
   0.7637500000000000  -1.3155469865177851
   0.7662500000000000  -1.3156751526382793
   0.7687500000000000  -1.3157768858373822
   0.7712500000000000  -1.3158445450144955
   0.7737500000000000  -1.3158823604551384
   0.7762500000000000  -1.3159045179859368
   0.7787500000000001  -1.3159320300729187
   0.7812500000000000  -1.3159911587751409
   0.7837500000000001  -1.3161885119856098
   0.7862500000000000  -1.3166176316618243
   0.7887500000000001  -1.3170720312596662
   0.7912500000000000  -1.3174904939250989
   0.7937500000000001  -1.3178400256259752
   0.7962500000000000  -1.3181014985351731
   0.7987500000000001  -1.3182711533506606
   0.8012500000000000  -1.3183624075358371
   0.8037500000000000  -1.3184055473927458
   0.8062500000000000  -1.3184213422083322
   0.8087500000000000  -1.3184248496298536
   0.8112500000000000  -1.3184067558609083
   0.8137500000000000  -1.3182519315736452
   0.8162500000000000  -1.3173695598601682
   0.8187500000000000  -1.3127892560835384
   0.8212500000000000  -1.2898569384686855
   0.8237500000000000  -1.2426396409028730
   0.8262500000000000  -1.1935799349683587
   0.8287500000000000  -1.1440731868934164
   0.8312500000000000  -1.0940594095298541
   0.8337500000000000  -1.0435450969229989
   0.8362500000000000  -0.9925252959390876
   0.8387500000000000  -0.9409773734806636
   0.8412500000000001  -0.8888623757836770
   0.8437500000000000  -0.8361279982272174
   0.8462500000000001  -0.7827160088301619
   0.8487500000000000  -0.7285762997879278
   0.8512500000000001  -0.6736898558729216
   0.8537500000000000  -0.6181020699554748
   0.8562500000000001  -0.5619654155709751
   0.8587500000000000  -0.5055862040140900
   0.8612500000000001  -0.4494645431198017
   0.8637500000000000  -0.3943116831593431
   0.8662500000000000  -0.3410281067971141
   0.8687500000000000  -0.2906323553009998
   0.8712500000000000  -0.2441451554990861
   0.8737500000000000  -0.2024512143917709
   0.8762500000000000  -0.1661732763110721
   0.8787500000000000  -0.1355920312954184
   0.8812500000000000  -0.1106305671890436
   0.8837500000000000  -9.0900713715643067E-02
   0.8862500000000000  -7.5791248444518358E-02
   0.8887500000000000  -6.4571075677682416E-02
   0.8912500000000000  -5.6483968298499408E-02
   0.8937500000000000  -5.0820589744034007E-02
   0.8962500000000000  -4.6963142496039521E-02
   0.8987500000000000  -4.4405033248922365E-02
   0.9012500000000000  -4.2751616291734185E-02
   0.9037500000000001  -4.1708971953942228E-02
   0.9062500000000000  -4.1066840005038394E-02
   0.9087500000000001  -4.0680215786218298E-02
   0.9112500000000000  -4.0452405550163294E-02
   0.9137500000000001  -4.0320906576144698E-02
   0.9162500000000000  -4.0246469675160455E-02
   0.9187500000000001  -4.0205104637920888E-02
   0.9212500000000000  -4.0182513630988854E-02
   0.9237500000000001  -4.0170374341454054E-02
   0.9262500000000000  -4.0163948501817252E-02
   0.9287500000000000  -4.0160593467744254E-02
   0.9312500000000000  -4.0158863341802402E-02
   0.9337500000000000  -4.0157980945574177E-02
   0.9362500000000000  -4.0157535297573939E-02
   0.9387500000000000  -4.0157311991288303E-02
   0.9412500000000000  -4.0157200553396707E-02
   0.9437500000000000  -4.0157145162782820E-02
   0.9462500000000000  -4.0157117753477099E-02
   0.9487500000000000  -4.0157104257419723E-02
   0.9512500000000000  -4.0157097647904247E-02
   0.9537500000000000  -4.0157094429804800E-02
   0.9562500000000000  -4.0157092872655814E-02
   0.9587500000000000  -4.0157092124146865E-02
   0.9612500000000000  -4.0157091766820696E-02
   0.9637500000000000  -4.0157091597457617E-02
   0.9662500000000001  -4.0157091517795909E-02
   0.9687500000000000  -4.0157091480598657E-02
   0.9712500000000001  -4.0157091463382977E-02
   0.9737500000000000  -4.0157091455484260E-02
   0.9762500000000001  -4.0157091451878582E-02
   0.9787500000000000  -4.0157091450245534E-02
   0.9812500000000001  -4.0157091449520087E-02
   0.9837500000000000  -4.0157091449193882E-02
   0.9862500000000001  -4.0157091449053633E-02
   0.9887500000000000  -4.0157091448987103E-02
   0.9912500000000001  -4.0157091448962165E-02
   0.9937500000000000  -4.0157091448943603E-02
   0.9962500000000000  -4.0157091448943104E-02
   0.9987500000000000  -4.0157091448939260E-02
