   1.2500000000000000E-03  -3.0636143393506801E-02
   3.7499999999999999E-03  -3.0636143393506801E-02
   6.2500000000000003E-03  -3.0636143393506801E-02
   8.7500000000000008E-03  -3.0636143393506801E-02
   1.1250000000000000E-02  -3.0636143393506801E-02
   1.3750000000000000E-02  -3.0636143393506801E-02
   1.6250000000000001E-02  -3.0636143393506801E-02
   1.8749999999999999E-02  -3.0636143393506801E-02
   2.1250000000000002E-02  -3.0636143393506801E-02
   2.3750000000000000E-02  -3.0636143393506801E-02
   2.6249999999999999E-02  -3.0636143393506801E-02
   2.8750000000000001E-02  -3.0636143393506801E-02
   3.1250000000000000E-02  -3.0636143393506801E-02
   3.3750000000000002E-02  -3.0636143393506801E-02
   3.6249999999999998E-02  -3.0636143393506801E-02
   3.8750000000000000E-02  -3.0636143393506801E-02
   4.1250000000000002E-02  -3.0636143393506801E-02
   4.3750000000000004E-02  -3.0636143393506801E-02
   4.6249999999999999E-02  -3.0636143393506801E-02
   4.8750000000000002E-02  -3.0636143393506801E-02
   5.1250000000000004E-02  -3.0636143393506801E-02
   5.3749999999999999E-02  -3.0636143393506801E-02
   5.6250000000000001E-02  -3.0636143393506801E-02
   5.8750000000000004E-02  -3.0636143393506801E-02
   6.1249999999999999E-02  -3.0636143393506801E-02
   6.3750000000000001E-02  -3.0636143393506801E-02
   6.6250000000000003E-02  -3.0636143393506801E-02
   6.8750000000000006E-02  -3.0636143393506801E-02
   7.1250000000000008E-02  -3.0636143393506801E-02
   7.3749999999999996E-02  -3.0636143393506801E-02
   7.6249999999999998E-02  -3.0636143393506801E-02
   7.8750000000000001E-02  -3.0636143393506801E-02
   8.1250000000000003E-02  -3.0636143393506801E-02
   8.3750000000000005E-02  -3.0636143393506801E-02
   8.6250000000000007E-02  -3.0636143393506801E-02
   8.8749999999999996E-02  -3.0636143393506801E-02
   9.1249999999999998E-02  -3.0636143393506801E-02
   9.3750000000000000E-02  -3.0636143393506801E-02
   9.6250000000000002E-02  -3.0636143393506801E-02
   9.8750000000000004E-02  -3.0636143393506801E-02
   0.1012500000000000  -3.0636143393506801E-02
   0.1037500000000000  -3.0636143393506801E-02
   0.1062500000000000  -3.0636143393506801E-02
   0.1087500000000000  -3.0636143393506801E-02
   0.1112500000000000  -3.0636143393506801E-02
   0.1137500000000000  -3.0636143393506801E-02
   0.1162500000000000  -3.0636143393506801E-02
   0.1187500000000000  -3.0636143393506801E-02
   0.1212500000000000  -3.0636143393506801E-02
   0.1237500000000000  -3.0636143393506801E-02
   0.1262500000000000  -3.0636143393506801E-02
   0.1287500000000000  -3.0636143393506801E-02
   0.1312500000000000  -3.0636143393506801E-02
   0.1337500000000000  -3.0636143393506801E-02
   0.1362500000000000  -3.0636143393506801E-02
   0.1387500000000000  -3.0636143393506801E-02
   0.1412500000000000  -3.0636143393506801E-02
   0.1437500000000000  -3.0636143393506801E-02
   0.1462500000000000  -3.0636143393506801E-02
   0.1487500000000000  -3.0636143393506801E-02
   0.1512500000000000  -3.0636143393506801E-02
   0.1537500000000000  -3.0636143393506801E-02
   0.1562500000000000  -3.0636143393506801E-02
   0.1587500000000000  -3.0636143393506801E-02
   0.1612500000000000  -3.0636143393506801E-02
   0.1637500000000000  -3.0636143393506801E-02
   0.1662500000000000  -3.0636143393506801E-02
   0.1687500000000000  -3.0636143393506801E-02
   0.1712500000000000  -3.0636143393506801E-02
   0.1737500000000000  -3.0636143393506801E-02
   0.1762500000000000  -3.0636143393506801E-02
   0.1787500000000000  -3.0636143393506801E-02
   0.1812500000000000  -3.0636143393506801E-02
   0.1837500000000000  -3.0636143393506801E-02
   0.1862500000000000  -3.0636143393506801E-02
   0.1887500000000000  -3.0636143393506801E-02
   0.1912500000000000  -3.0636143393506801E-02
   0.1937500000000000  -3.0636143393506801E-02
   0.1962500000000000  -3.0636143393506801E-02
   0.1987500000000000  -3.0636143393506801E-02
   0.2012500000000000  -3.0636143393506801E-02
   0.2037500000000000  -3.0636143393506801E-02
   0.2062500000000000  -3.0636143393506801E-02
   0.2087500000000000  -3.0636143393506801E-02
   0.2112500000000000  -3.0636143393506801E-02
   0.2137500000000000  -3.0636143393506801E-02
   0.2162500000000000  -3.0636143393506801E-02
   0.2187500000000000  -3.0636143393506801E-02
   0.2212500000000000  -3.0636143393506801E-02
   0.2237500000000000  -3.0636143393506801E-02
   0.2262500000000000  -3.0636143393506801E-02
   0.2287500000000000  -3.0636143393506801E-02
   0.2312500000000000  -3.0636143393506801E-02
   0.2337500000000000  -3.0636143393506801E-02
   0.2362500000000000  -3.0636143393506801E-02
   0.2387500000000000  -3.0636143393506801E-02
   0.2412500000000000  -3.0636143393506801E-02
   0.2437500000000000  -3.0636143393506801E-02
   0.2462500000000000  -3.0636143393506801E-02
   0.2487500000000000  -3.0636143393506801E-02
   0.2512500000000000  -3.0636143393506801E-02
   0.2537500000000000  -3.0636143393506801E-02
   0.2562500000000000  -3.0636143393506801E-02
   0.2587500000000000  -3.0636143393506801E-02
   0.2612500000000000  -3.0636143393506801E-02
   0.2637500000000000  -3.0636143393506801E-02
   0.2662500000000000  -3.0636143393506801E-02
   0.2687500000000000  -3.0636143393517817E-02
   0.2712500000000000  -3.0636143393517817E-02
   0.2737500000000000  -3.0636143393501149E-02
   0.2762500000000000  -3.0636143393517817E-02
   0.2787500000000000  -3.0636143393508706E-02
   0.2812500000000000  -3.0636143393508550E-02
   0.2837500000000000  -3.0636143393500740E-02
   0.2862500000000000  -3.0636143393497284E-02
   0.2887500000000000  -3.0636143393515856E-02
   0.2912500000000000  -3.0636143393525529E-02
   0.2937500000000000  -3.0636143393537107E-02
   0.2962500000000000  -3.0636143393567131E-02
   0.2987500000000000  -3.0636143393610989E-02
   0.3012500000000000  -3.0636143393825158E-02
   0.3037500000000000  -3.0636143394443066E-02
   0.3062500000000000  -3.0636143396177744E-02
   0.3087500000000000  -3.0636143401074949E-02
   0.3112500000000000  -3.0636143414657143E-02
   0.3137500000000000  -3.0636143451571767E-02
   0.3162500000000000  -3.0636143550666087E-02
   0.3187500000000000  -3.0636143812899339E-02
   0.3212500000000000  -3.0636144496902506E-02
   0.3237500000000000  -3.0636146255978953E-02
   0.3262500000000000  -3.0636150716878020E-02
   0.3287500000000000  -3.0636161872085777E-02
   0.3312500000000000  -3.0636189381972333E-02
   0.3337500000000000  -3.0636256294710076E-02
   0.3362500000000000  -3.0636416839163075E-02
   0.3387500000000000  -3.0636796864894025E-02
   0.3412500000000000  -3.0637684503330865E-02
   0.3437500000000000  -3.0639730714231577E-02
   0.3462500000000000  -3.0644387160554318E-02
   0.3487500000000000  -3.0654850283809255E-02
   0.3512500000000000  -3.0678072191487091E-02
   0.3537500000000000  -3.0728994237227209E-02
   0.3562500000000000  -3.0839360951486164E-02
   0.3587500000000000  -3.1075871615949751E-02
   0.3612500000000000  -3.1577155545580791E-02
   0.3637500000000000  -3.2628198932244099E-02
   0.3662500000000000  -3.4807931605358056E-02
   0.3687500000000000  -3.9275365040691013E-02
   0.3712500000000000  -4.8302197395375564E-02
   0.3737500000000000  -6.6181131079853961E-02
   0.3762500000000000  -0.1004428694271885
   0.3787500000000000  -0.1620534145320829
   0.3812500000000000  -0.2576711852931102
   0.3837500000000000  -0.3575183761843329
   0.3862500000000000  -0.3534350466279316
   0.3887500000000000  -0.1557220020844869
   0.3912500000000000   0.1319235653597567
   0.3937500000000000   0.3241734171237856
   0.3962500000000000   0.3916633489525168
   0.3987500000000000   0.4207975827500478
   0.4012500000000000   0.4343390894576020
   0.4037500000000000   0.4408868706550173
   0.4062500000000000   0.4440933851605035
   0.4087500000000000   0.4456374963290606
   0.4112500000000000   0.4463506572660029
   0.4137500000000000   0.4466819782635024
   0.4162500000000000   0.4468365207819640
   0.4187500000000000   0.4468987847085237
   0.4212500000000000   0.4469169227519810
   0.4237500000000000   0.4469247747079066
   0.4262500000000000   0.4469294651834194
   0.4287500000000000   0.4469301339674747
   0.4312500000000000   0.4469264237115453
   0.4337500000000000   0.4469219157446412
   0.4362500000000000   0.4469132803591253
   0.4387500000000000   0.4468938528536819
   0.4412500000000000   0.4468618805765223
   0.4437500000000000   0.4468241494271542
   0.4462500000000000   0.4467891492794185
   0.4487500000000000   0.4467653157249990
   0.4512500000000000   0.4467542676361726
   0.4537500000000000   0.4467484571868769
   0.4562500000000000   0.4467391749659230
   0.4587500000000000   0.4467256407433912
   0.4612500000000000   0.4467178940644850
   0.4637500000000000   0.4467145051958298
   0.4662500000000000   0.4467127754324793
   0.4687500000000000   0.4467102890680146
   0.4712500000000000   0.4467053214370275
   0.4737500000000000   0.4466975628386401
   0.4762500000000000   0.4466882589507581
   0.4787500000000000   0.4466808361610026
   0.4812500000000000   0.4466780009203677
   0.4837500000000000   0.4466769135047522
   0.4862500000000000   0.4466766709941100
   0.4887500000000000   0.4466762736172265
   0.4912500000000000   0.4466749461474195
   0.4937500000000000   0.4466725965326668
   0.4962500000000000   0.4466692311593785
   0.4987500000000000   0.4466650924421900
   0.5012500000000000   0.4466622383941918
   0.5037500000000000   0.4466616358813101
   0.5062500000000000   0.4466618206538001
   0.5087500000000000   0.4466617158966152
   0.5112500000000000   0.4466619008588667
   0.5137500000000000   0.4466626702779866
   0.5162500000000000   0.4466627073560825
   0.5187500000000000   0.4466628128831191
   0.5212500000000000   0.4466629820771206
   0.5237500000000000   0.4466627260052442
   0.5262500000000000   0.4466635807338675
   0.5287500000000001   0.4466646694265364
   0.5312500000000000   0.4466656769196026
   0.5337500000000001   0.4466670790297468
   0.5362500000000000   0.4466687932073465
   0.5387500000000001   0.4466702769504868
   0.5412500000000000   0.4466713512040487
   0.5437500000000001   0.4466739990430374
   0.5462500000000000   0.4466760303460321
   0.5487500000000000   0.4466777566180512
   0.5512500000000000   0.4466794320716528
   0.5537500000000000   0.4466814358153879
   0.5562500000000000   0.4466849333274661
   0.5587500000000000   0.4466909534033496
   0.5612500000000000   0.4466986860397515
   0.5637500000000000   0.4467033094945484
   0.5662500000000000   0.4467055487118538
   0.5687500000000000   0.4467091252509682
   0.5712500000000000   0.4467132308629365
   0.5737500000000000   0.4467224968335337
   0.5762500000000000   0.4467365274494032
   0.5787500000000000   0.4467478072429147
   0.5812500000000000   0.4467582619532552
   0.5837500000000000   0.4467643674419600
   0.5862500000000000   0.4467667437917614
   0.5887500000000000   0.4467670546496186
   0.5912500000000001   0.4467652923461917
   0.5937500000000000   0.4467588676875842
   0.5962500000000001   0.4467360365669369
   0.5987500000000000   0.4466624279678127
   0.6012500000000001   0.4464389596949566
   0.6037500000000000   0.4457820782232181
   0.6062500000000001   0.4438820575749976
   0.6087500000000000   0.4385559662750761
   0.6112500000000000   0.4238758630595875
   0.6137500000000000   0.4070725270204003
   0.6162500000000000   0.3925574599807546
   0.6187500000000000   0.3808378721318808
   0.6212500000000000   0.3719640920159266
   0.6237500000000000   0.3656133933045513
   0.6262500000000000   0.3612862027010098
   0.6287500000000000   0.3584564901459067
   0.6312500000000000   0.3566667796629465
   0.6337500000000000   0.3555655925083587
   0.6362500000000000   0.3549023735892482
   0.6387500000000000   0.3545066939300783
   0.6412500000000000   0.3542728287669963
   0.6437500000000000   0.3541355561959388
   0.6462500000000000   0.3540544670644892
   0.6487500000000000   0.3540049662327751
   0.6512500000000000   0.3539744819792557
   0.6537500000000001   0.3539540729125136
   0.6562500000000000   0.3539387718507366
   0.6587500000000001   0.3539252229022480
   0.6612500000000000   0.3539173113181380
   0.6637500000000001   0.3539128771367022
   0.6662500000000000   0.3539106435977670
   0.6687500000000001   0.3539096298292638
   0.6712500000000000   0.3539087513600092
   0.6737500000000000   0.3539072421013451
   0.6762500000000000   0.3539053661505159
   0.6787500000000000   0.3539020117819466
   0.6812500000000000   0.3538960399034826
   0.6837500000000000   0.3538923910975629
   0.6862500000000000   0.3538913042249501
   0.6887500000000000   0.3538912355867701
   0.6912500000000000   0.3538924382697496
   0.6937500000000000   0.3538938364515952
   0.6962500000000000   0.3538936653392091
   0.6987500000000000   0.3538927938955294
   0.7012500000000000   0.3538904284496288
   0.7037500000000000   0.3538861731362756
   0.7062500000000000   0.3538848899353055
   0.7087500000000000   0.3538849190940068
   0.7112500000000000   0.3538861412412543
   0.7137500000000000   0.3538885743850702
   0.7162500000000001   0.3538889305599545
   0.7187500000000000   0.3538881588396510
   0.7212500000000001   0.3538853775166118
   0.7237500000000000   0.3538787320568255
   0.7262500000000001   0.3538743415788168
   0.7287500000000000   0.3538738506551531
   0.7312500000000001   0.3538750536829688
   0.7337500000000000   0.3538793428537046
   0.7362500000000000   0.3538845832179059
   0.7387500000000000   0.3538850866836222
   0.7412500000000000   0.3538832332684279
   0.7437500000000000   0.3538772560090017
   0.7462500000000000   0.3538649564989260
   0.7487500000000000   0.3538599309601683
   0.7512500000000000   0.3538592764614487
   0.7537500000000000   0.3538606245538335
   0.7562500000000000   0.3538663118218318
   0.7587500000000000   0.3538765622024850
   0.7612500000000000   0.3538783502879181
   0.7637500000000000   0.3538744032913204
   0.7662500000000000   0.3538613312774553
   0.7687500000000000   0.3538494751095211
   0.7712500000000000   0.3538473091070207
   0.7737500000000000   0.3538467380895990
   0.7762500000000000   0.3538444555498616
   0.7787500000000001   0.3538544200641298
   0.7812500000000000   0.3538958895185073
   0.7837500000000001   0.3541119602150807
   0.7862500000000000   0.3553204028468655
   0.7887500000000001   0.3640471181495982
   0.7912500000000000   0.4324278636774841
   0.7937500000000001   0.5784205149459860
   0.7962500000000000   0.6550207791175352
   0.7987500000000001   0.6864069599373418
   0.8012500000000000   0.6976808158565763
   0.8037500000000000   0.7015197128337689
   0.8062500000000000   0.7027928248961384
   0.8087500000000000   0.7032118240273164
   0.8112500000000000   0.7033493495797319
   0.8137500000000000   0.7033944445856893
   0.8162500000000000   0.7034092285155318
   0.8187500000000000   0.7034140736663592
   0.8212500000000000   0.7034156613568926
   0.8237500000000000   0.7034161815000728
   0.8262500000000000   0.7034163518544191
   0.8287500000000000   0.7034164076240104
   0.8312500000000000   0.7034164258706203
   0.8337500000000000   0.7034164318357272
   0.8362500000000000   0.7034164337837386
   0.8387500000000000   0.7034164344190186
   0.8412500000000001   0.7034164346258311
   0.8437500000000000   0.7034164346930110
   0.8462500000000001   0.7034164347147752
   0.8487500000000000   0.7034164347218035
   0.8512500000000001   0.7034164347240649
   0.8537500000000000   0.7034164347247881
   0.8562500000000001   0.7034164347250190
   0.8587500000000000   0.7034164347250920
   0.8612500000000001   0.7034164347251156
   0.8637500000000000   0.7034164347251218
   0.8662500000000000   0.7034164347251245
   0.8687500000000000   0.7034164347251247
   0.8712500000000000   0.7034164347251251
   0.8737500000000000   0.7034164347251251
   0.8762500000000000   0.7034164347251251
   0.8787500000000000   0.7034164347251251
   0.8812500000000000   0.7034164347251251
   0.8837500000000000   0.7034164347251251
   0.8862500000000000   0.7034164347251249
   0.8887500000000000   0.7034164347251249
   0.8912500000000000   0.7034164347251248
   0.8937500000000000   0.7034164347251248
   0.8962500000000000   0.7034164347251248
   0.8987500000000000   0.7034164347251248
   0.9012500000000000   0.7034164347251248
   0.9037500000000001   0.7034164347251248
   0.9062500000000000   0.7034164347251248
   0.9087500000000001   0.7034164347251248
   0.9112500000000000   0.7034164347251248
   0.9137500000000001   0.7034164347251248
   0.9162500000000000   0.7034164347251248
   0.9187500000000001   0.7034164347251248
   0.9212500000000000   0.7034164347251248
   0.9237500000000001   0.7034164347251248
   0.9262500000000000   0.7034164347251248
   0.9287500000000000   0.7034164347251248
   0.9312500000000000   0.7034164347251248
   0.9337500000000000   0.7034164347251248
   0.9362500000000000   0.7034164347251248
   0.9387500000000000   0.7034164347251248
   0.9412500000000000   0.7034164347251248
   0.9437500000000000   0.7034164347251248
   0.9462500000000000   0.7034164347251248
   0.9487500000000000   0.7034164347251248
   0.9512500000000000   0.7034164347251248
   0.9537500000000000   0.7034164347251248
   0.9562500000000000   0.7034164347251248
   0.9587500000000000   0.7034164347251248
   0.9612500000000000   0.7034164347251248
   0.9637500000000000   0.7034164347251248
   0.9662500000000001   0.7034164347251248
   0.9687500000000000   0.7034164347251248
   0.9712500000000001   0.7034164347251248
   0.9737500000000000   0.7034164347251248
   0.9762500000000001   0.7034164347251248
   0.9787500000000000   0.7034164347251248
   0.9812500000000001   0.7034164347251248
   0.9837500000000000   0.7034164347251248
   0.9862500000000001   0.7034164347251248
   0.9887500000000000   0.7034164347251248
   0.9912500000000001   0.7034164347251248
   0.9937500000000000   0.7034164347251248
   0.9962500000000000   0.7034164347251248
   0.9987500000000000   0.7034164347251248
