   1.2500000000000000E-03   4.1184281413456567
   3.7499999999999999E-03   4.1184281413374491
   6.2500000000000003E-03   4.1184281413186925
   8.7500000000000008E-03   4.1184281412781756
   1.1250000000000000E-02   4.1184281411941308
   1.3750000000000000E-02   4.1184281410202725
   1.6250000000000001E-02   4.1184281406629584
   1.8749999999999999E-02   4.1184281399328588
   2.1250000000000002E-02   4.1184281384498371
   2.3750000000000000E-02   4.1184281354533461
   2.6249999999999999E-02   4.1184281294276541
   2.8750000000000001E-02   4.1184281173616499
   3.1250000000000000E-02   4.1184280933207047
   3.3750000000000002E-02   4.1184280458669988
   3.6249999999999998E-02   4.1184279532141099
   3.8750000000000000E-02   4.1184277745261975
   4.1250000000000002E-02   4.1184274346326966
   4.3750000000000004E-02   4.1184267978631661
   4.6249999999999999E-02   4.1184256245201096
   4.8750000000000002E-02   4.1184235007385848
   5.1250000000000004E-02   4.1184197293857112
   5.3749999999999999E-02   4.1184131669864907
   5.6250000000000001E-02   4.1184019908728633
   5.8750000000000004E-02   4.1183833841500741
   6.1249999999999999E-02   4.1183531367073289
   6.3750000000000001E-02   4.1183051814146587
   6.6250000000000003E-02   4.1182311172562969
   6.8750000000000006E-02   4.1181198126379925
   7.1250000000000008E-02   4.1179572226604879
   7.3749999999999996E-02   4.1177265758694226
   7.6249999999999998E-02   4.1174090662767258
   7.8750000000000001E-02   4.1169851078254274
   8.1250000000000003E-02   4.1164360729126575
   8.3750000000000005E-02   4.1157462764244945
   8.6250000000000007E-02   4.1149048409452158
   8.8749999999999996E-02   4.1139070491162375
   9.1249999999999998E-02   4.1127548853043567
   9.3750000000000000E-02   4.1114566655334901
   9.6250000000000002E-02   4.1100258796027882
   9.8750000000000004E-02   4.1084795395254554
   0.1012500000000000   4.1068363919056496
   0.1037500000000000   4.1051153074074218
   0.1062500000000000   4.1033340474789526
   0.1087500000000000   4.1015084796970527
   0.1112500000000000   4.0996522095123353
   0.1137500000000000   4.0977765360875988
   0.1162500000000000   4.0958906214834414
   0.1187500000000000   4.0940017728628408
   0.1212500000000000   4.0921157618568849
   0.1237500000000000   4.0902371322458189
   0.1262500000000000   4.0883694700394431
   0.1287500000000000   4.0865156264401055
   0.1312500000000000   4.0846778942276307
   0.1337500000000000   4.0828581432187541
   0.1362500000000000   4.0810579222676795
   0.1387500000000000   4.0792785351922900
   0.1412500000000000   4.0775210970302389
   0.1437500000000000   4.0757865757674967
   0.1462500000000000   4.0740758234690784
   0.1487500000000000   4.0723895997161748
   0.1512500000000000   4.0707285894521119
   0.1537500000000000   4.0690934167405368
   0.1562500000000000   4.0674846555059183
   0.1587500000000000   4.0659028380200288
   0.1612500000000000   4.0643484616821093
   0.1637500000000000   4.0628219944903252
   0.1662500000000000   4.0613238794957667
   0.1687500000000000   4.0598545384560047
   0.1712500000000000   4.0584143748515498
   0.1737500000000000   4.0570037763896432
   0.1762500000000000   4.0556231170918817
   0.1787500000000000   4.0542727590403524
   0.1812500000000000   4.0529530538415184
   0.1837500000000000   4.0516643438545845
   0.1862500000000000   4.0504069632219544
   0.1887500000000000   4.0491812387315713
   0.1912500000000000   4.0479874905360909
   0.1937500000000000   4.0468260327483616
   0.1962500000000000   4.0456971739295806
   0.1987500000000000   4.0446012174836730
   0.2012500000000000   4.0435384619685424
   0.2037500000000000   4.0425092013336164
   0.2062500000000000   4.0415137250906454
   0.2087500000000000   4.0405523184240453
   0.2112500000000000   4.0396252622455071
   0.2137500000000000   4.0387328331967014
   0.2162500000000000   4.0378753036029718
   0.2187500000000000   4.0370529413803586
   0.2212500000000000   4.0362660098974619
   0.2237500000000000   4.0355147677930683
   0.2262500000000000   4.0347994687503501
   0.2287500000000000   4.0341203612275143
   0.2312500000000000   4.0334776881447691
   0.2337500000000000   4.0328716865270557
   0.2362500000000000   4.0323025871015785
   0.2387500000000000   4.0317706138489289
   0.2412500000000000   4.0312759835064016
   0.2437500000000000   4.0308189050215182
   0.2462500000000000   4.0303995789538662
   0.2487500000000000   4.0300181968226729
   0.2512500000000000   4.0296749403976042
   0.2537500000000000   4.0293699809294869
   0.2562500000000000   4.0291034783180297
   0.2587500000000000   4.0288755802125573
   0.2612500000000000   4.0286864210418036
   0.2637500000000000   4.0285361209686865
   0.2662500000000000   4.0284247847648000
   0.2687500000000000   4.0283525005999650
   0.2712500000000000   4.0283193387408689
   0.2737500000000000   4.0283253501523664
   0.2762500000000000   4.0283705649956794
   0.2787500000000000   4.0284549910146099
   0.2812500000000000   4.0285786118030380
   0.2837500000000000   4.0287413849445146
   0.2862500000000000   4.0289432400133736
   0.2887500000000000   4.0291840764292841
   0.2912500000000000   4.0294637611513844
   0.2937500000000000   4.0297821262009412
   0.2962500000000000   4.0301389660012203
   0.2987500000000000   4.0305340345155338
   0.3012500000000000   4.0309670421738826
   0.3037500000000000   4.0314376525684601
   0.3062500000000000   4.0319454788975495
   0.3087500000000000   4.0324900801470482
   0.3112500000000000   4.0330709569769345
   0.3137500000000000   4.0336875472977392
   0.3162500000000000   4.0343392215140028
   0.3187500000000000   4.0350252773920987
   0.3212500000000000   4.0357449345462433
   0.3237500000000000   4.0364973284897392
   0.3262500000000000   4.0372815042173080
   0.3287500000000000   4.0380964093052913
   0.3312500000000000   4.0389408864399012
   0.3337500000000000   4.0398136653729733
   0.3362500000000000   4.0407133542416869
   0.3387500000000000   4.0416384301537045
   0.3412500000000000   4.0425872290714997
   0.3437500000000000   4.0435579348275992
   0.3462500000000000   4.0445485672396879
   0.3487500000000000   4.0455569693242861
   0.3512500000000000   4.0465807933212741
   0.3537500000000000   4.0476174856734062
   0.3562500000000000   4.0486642707281533
   0.3587500000000000   4.0497181329146814
   0.3612500000000000   4.0507757976913448
   0.3637500000000000   4.0518337105693742
   0.3662500000000000   4.0528880144175474
   0.3687500000000000   4.0539345250429424
   0.3712500000000000   4.0549687040696991
   0.3737500000000000   4.0559856300086983
   0.3762500000000000   4.0569799665680026
   0.3787500000000000   4.0579459275068102
   0.3812500000000000   4.0588772397288189
   0.3837500000000000   4.0597671012558338
   0.3862500000000000   4.0606081363812683
   0.3887500000000000   4.0613923473519380
   0.3912500000000000   4.0621110584793625
   0.3937500000000000   4.0627548596205960
   0.3962500000000000   4.0633135397695472
   0.3987500000000000   4.0637760163533585
   0.4012500000000000   4.0641302570619677
   0.4037500000000000   4.0643632028340475
   0.4062500000000000   4.0644606310552271
   0.4087500000000000   4.0644071958876076
   0.4112500000000000   4.0641859029786520
   0.4137500000000000   4.0637790368898781
   0.4162500000000000   4.0631655337492205
   0.4187500000000000   4.0623262556364539
   0.4212500000000000   4.0612329178323900
   0.4237500000000000   4.0598678521726628
   0.4262500000000000   4.0581909916359136
   0.4287500000000000   4.0561870156590745
   0.4312500000000000   4.0538072754369967
   0.4337500000000000   4.0510242820248124
   0.4362500000000000   4.0478014227340502
   0.4387500000000000   4.0440778236963340
   0.4412500000000000   4.0398270682721362
   0.4437500000000000   4.0349880111626417
   0.4462500000000000   4.0294856331456304
   0.4487500000000000   4.0232888418836534
   0.4512500000000000   4.0163137874570358
   0.4537500000000000   4.0084544463741150
   0.4562500000000000   3.9996734381079349
   0.4587500000000000   3.9898747528897589
   0.4612500000000000   3.9788927320680720
   0.4637500000000000   3.9666633214459441
   0.4662500000000000   3.9531134568432962
   0.4687500000000000   3.9380054013536823
   0.4712500000000000   3.9211664350656394
   0.4737500000000000   3.9025706057487257
   0.4762500000000000   3.8820032644414550
   0.4787500000000000   3.8590797367160965
   0.4812500000000000   3.8336670757473654
   0.4837500000000000   3.8057474885883189
   0.4862500000000000   3.7749289857329318
   0.4887500000000000   3.7407057862396251
   0.4912500000000000   3.7030399717767799
   0.4937500000000000   3.6621171712774716
   0.4962500000000000   3.6178481779717711
   0.4987500000000000   3.5706798187385740
   0.5012500000000000   3.5016835465350171
   0.5037500000000000   3.4478436359788982
   0.5062500000000000   3.3727953175543042
   0.5087500000000000   3.2879332564316543
   0.5112500000000000   3.1934238877977648
   0.5137500000000000   3.0839953238375664
   0.5162500000000000   2.9611090733556615
   0.5187500000000000   2.8259019836612795
   0.5212500000000000   2.6782185593432337
   0.5237500000000000   2.5156371597531906
   0.5262500000000000   2.3316861087839960
   0.5287500000000001   2.0895471450911720
   0.5312500000000000   1.6817923032945643
   0.5337500000000001   0.9494385817606912
   0.5362500000000000   0.1065693537511679
   0.5387500000000001  -0.2576111635899532
   0.5412500000000000  -0.2575480203448163
   0.5437500000000001  -0.1948751092397515
   0.5462500000000000  -0.1506726249649384
   0.5487500000000000  -0.1259977807836106
   0.5512500000000000  -0.1127067297421105
   0.5537500000000000  -0.1053152892227349
   0.5562500000000000  -0.1006943393833126
   0.5587500000000000  -9.7256908584716611E-02
   0.5612500000000000  -9.4780802041832174E-02
   0.5637500000000000  -9.3375010161789215E-02
   0.5662500000000000  -9.2713505797561463E-02
   0.5687500000000000  -9.2136608027338862E-02
   0.5712500000000000  -9.1147193924043982E-02
   0.5737500000000000  -9.0106491301653782E-02
   0.5762500000000000  -8.9415261802615220E-02
   0.5787500000000000  -8.9201492308263131E-02
   0.5812500000000000  -8.9203586379278277E-02
   0.5837500000000000  -8.9399792798721345E-02
   0.5862500000000000  -8.9604951042146386E-02
   0.5887500000000000  -8.9707764349879301E-02
   0.5912500000000001  -8.9534924672048599E-02
   0.5937500000000000  -8.9064709608692144E-02
   0.5962500000000001  -8.8795039447040328E-02
   0.5987500000000000  -8.8693739862413967E-02
   0.6012500000000001  -8.8682421481797488E-02
   0.6037500000000000  -8.8701987324746448E-02
   0.6062500000000001  -8.8734209908702247E-02
   0.6087500000000000  -8.8781473039974523E-02
   0.6112500000000000  -8.8867107521382577E-02
   0.6137500000000000  -8.9045590867697880E-02
   0.6162500000000000  -8.9451918920541648E-02
   0.6187500000000000  -9.0455904349764249E-02
   0.6212500000000000  -9.1823279081127238E-02
   0.6237500000000000  -9.3037729909136252E-02
   0.6262500000000000  -9.3940513636534967E-02
   0.6287500000000000  -9.4572275882407908E-02
   0.6312500000000000  -9.5194889395316035E-02
   0.6337500000000000  -9.6243735526849214E-02
   0.6362500000000000  -9.8325884299344440E-02
   0.6387500000000000  -0.1031131308209066
   0.6412500000000000  -0.1155870692658052
   0.6437500000000000  -0.1478485372731068
   0.6462500000000000  -0.2284728393773034
   0.6487500000000000  -0.3239515942076321
   0.6512500000000000  -0.4198912144645535
   0.6537500000000001  -0.5102615820420862
   0.6562500000000000  -0.5901396943804552
   0.6587500000000001  -0.6563865737003352
   0.6612500000000000  -0.7082953446795699
   0.6637500000000001  -0.7474264411662996
   0.6662500000000000  -0.7764835375868021
   0.6687500000000001  -0.7980394083101250
   0.6712500000000000  -0.8139284646151024
   0.6737500000000000  -0.8253662653630031
   0.6762500000000000  -0.8333484789341877
   0.6787500000000000  -0.8389072521466973
   0.6812500000000000  -0.8430232315714349
   0.6837500000000000  -0.8463388335660298
   0.6862500000000000  -0.8490763869287538
   0.6887500000000000  -0.8512187705087582
   0.6912500000000000  -0.8526784172855084
   0.6937500000000000  -0.8535817667544975
   0.6962500000000000  -0.8541494044220905
   0.6987500000000000  -0.8545358297169272
   0.7012500000000000  -0.8548067073947121
   0.7037500000000000  -0.8550672008738014
   0.7062500000000000  -0.8553074585644007
   0.7087500000000000  -0.8554161868473095
   0.7112500000000000  -0.8552127075121917
   0.7137500000000000  -0.8549087839038145
   0.7162500000000001  -0.8545786885419550
   0.7187500000000000  -0.8539668794532889
   0.7212500000000001  -0.8526560065207028
   0.7237500000000000  -0.8492544755132106
   0.7262500000000001  -0.8377424879068603
   0.7287500000000000  -0.7862773896079556
   0.7312500000000001  -0.4970623218269319
   0.7337500000000000   0.1119732409128040
   0.7362500000000000   0.4599506556750456
   0.7387500000000000   0.6084722583022335
   0.7412500000000000   0.6679412137556839
   0.7437500000000000   0.6905964333883673
   0.7462500000000000   0.6988566364332945
   0.7487500000000000   0.7018049558985128
   0.7512500000000000   0.7028482420330637
   0.7537500000000000   0.7032162645643587
   0.7562500000000000   0.7033459399821836
   0.7587500000000000   0.7033916127274704
   0.7612500000000000   0.7034076958653097
   0.7637500000000000   0.7034133585925813
   0.7662500000000000   0.7034153521169477
   0.7687500000000000   0.7034160538077141
   0.7712500000000000   0.7034163007402137
   0.7737500000000000   0.7034163876150060
   0.7762500000000000   0.7034164181686168
   0.7787500000000001   0.7034164289097511
   0.7812500000000000   0.7034164326838864
   0.7837500000000001   0.7034164340092049
   0.7862500000000000   0.7034164344742638
   0.7887500000000001   0.7034164346373157
   0.7912500000000000   0.7034164346944273
   0.7937500000000001   0.7034164347144082
   0.7962500000000000   0.7034164347213897
   0.7987500000000001   0.7034164347238258
   0.8012500000000000   0.7034164347246741
   0.8037500000000000   0.7034164347249690
   0.8062500000000000   0.7034164347250711
   0.8087500000000000   0.7034164347251072
   0.8112500000000000   0.7034164347251189
   0.8137500000000000   0.7034164347251232
   0.8162500000000000   0.7034164347251245
   0.8187500000000000   0.7034164347251251
   0.8212500000000000   0.7034164347251248
   0.8237500000000000   0.7034164347251248
   0.8262500000000000   0.7034164347251248
   0.8287500000000000   0.7034164347251248
   0.8312500000000000   0.7034164347251248
   0.8337500000000000   0.7034164347251248
   0.8362500000000000   0.7034164347251248
   0.8387500000000000   0.7034164347251248
   0.8412500000000001   0.7034164347251248
   0.8437500000000000   0.7034164347251248
   0.8462500000000001   0.7034164347251248
   0.8487500000000000   0.7034164347251248
   0.8512500000000001   0.7034164347251248
   0.8537500000000000   0.7034164347251248
   0.8562500000000001   0.7034164347251248
   0.8587500000000000   0.7034164347251248
   0.8612500000000001   0.7034164347251248
   0.8637500000000000   0.7034164347251248
   0.8662500000000000   0.7034164347251248
   0.8687500000000000   0.7034164347251248
   0.8712500000000000   0.7034164347251248
   0.8737500000000000   0.7034164347251248
   0.8762500000000000   0.7034164347251248
   0.8787500000000000   0.7034164347251248
   0.8812500000000000   0.7034164347251248
   0.8837500000000000   0.7034164347251248
   0.8862500000000000   0.7034164347251248
   0.8887500000000000   0.7034164347251248
   0.8912500000000000   0.7034164347251248
   0.8937500000000000   0.7034164347251248
   0.8962500000000000   0.7034164347251248
   0.8987500000000000   0.7034164347251248
   0.9012500000000000   0.7034164347251248
   0.9037500000000001   0.7034164347251248
   0.9062500000000000   0.7034164347251248
   0.9087500000000001   0.7034164347251248
   0.9112500000000000   0.7034164347251248
   0.9137500000000001   0.7034164347251248
   0.9162500000000000   0.7034164347251248
   0.9187500000000001   0.7034164347251248
   0.9212500000000000   0.7034164347251248
   0.9237500000000001   0.7034164347251248
   0.9262500000000000   0.7034164347251248
   0.9287500000000000   0.7034164347251248
   0.9312500000000000   0.7034164347251248
   0.9337500000000000   0.7034164347251248
   0.9362500000000000   0.7034164347251248
   0.9387500000000000   0.7034164347251248
   0.9412500000000000   0.7034164347251248
   0.9437500000000000   0.7034164347251248
   0.9462500000000000   0.7034164347251248
   0.9487500000000000   0.7034164347251248
   0.9512500000000000   0.7034164347251248
   0.9537500000000000   0.7034164347251248
   0.9562500000000000   0.7034164347251248
   0.9587500000000000   0.7034164347251248
   0.9612500000000000   0.7034164347251248
   0.9637500000000000   0.7034164347251248
   0.9662500000000001   0.7034164347251248
   0.9687500000000000   0.7034164347251248
   0.9712500000000001   0.7034164347251248
   0.9737500000000000   0.7034164347251248
   0.9762500000000001   0.7034164347251248
   0.9787500000000000   0.7034164347251248
   0.9812500000000001   0.7034164347251248
   0.9837500000000000   0.7034164347251248
   0.9862500000000001   0.7034164347251248
   0.9887500000000000   0.7034164347251248
   0.9912500000000001   0.7034164347251248
   0.9937500000000000   0.7034164347251248
   0.9962500000000000   0.7034164347251248
   0.9987500000000000   0.7034164347251248
