   1.2500000000000000E-03   1.0037941733881083E-16
   3.7499999999999999E-03  -2.5161678810530023E-15
   6.2500000000000003E-03  -2.5348908137125454E-15
   8.7500000000000008E-03  -2.8558341183407085E-15
   1.1250000000000000E-02  -1.7785716396551665E-15
   1.3750000000000000E-02  -2.0417469293234215E-15
   1.6250000000000001E-02  -1.6861803201604212E-15
   1.8749999999999999E-02  -9.4545768468548708E-16
   2.1250000000000002E-02  -4.6598098750544246E-15
   2.3750000000000000E-02  -2.3880800521019896E-15
   2.6249999999999999E-02  -4.8502716526053274E-17
   2.8750000000000001E-02   2.5961373898272293E-15
   3.1250000000000000E-02   1.8126563116227078E-15
   3.3750000000000002E-02   1.2101423873405250E-15
   3.6249999999999998E-02   5.8883748479212221E-16
   3.8750000000000000E-02  -1.3268569217145460E-15
   4.1250000000000002E-02  -1.7584603338954000E-15
   4.3750000000000004E-02  -6.1786165700629923E-16
   4.6249999999999999E-02   1.7567053079054651E-16
   4.8750000000000002E-02  -1.5146013381362102E-15
   5.1250000000000004E-02  -5.4381439783196771E-16
   5.3749999999999999E-02  -5.8312940255221429E-16
   5.6250000000000001E-02  -6.1651286533382383E-17
   5.8750000000000004E-02   1.0324020431540168E-15
   6.1249999999999999E-02  -3.3637715472177218E-16
   6.3750000000000001E-02   4.2181196376026578E-16
   6.6250000000000003E-02   7.0204735614723965E-16
   6.8750000000000006E-02   1.2873476895549502E-15
   7.1250000000000008E-02   3.7101434543969657E-15
   7.3749999999999996E-02   3.9531599981672013E-15
   7.6249999999999998E-02   2.6518060118077682E-15
   7.8750000000000001E-02   3.1475673248754030E-15
   8.1250000000000003E-02   2.4051324748598187E-15
   8.3750000000000005E-02   6.6065828842082854E-15
   8.6250000000000007E-02   2.6317936076466692E-15
   8.8749999999999996E-02   4.5691655789215941E-15
   9.1249999999999998E-02   5.4614619029974378E-15
   9.3750000000000000E-02   4.4958988498412604E-15
   9.6250000000000002E-02   4.0886545302513373E-15
   9.8750000000000004E-02   4.0451788580102508E-15
   0.1012500000000000   1.1181434268988549E-15
   0.1037500000000000   1.4624891397268741E-15
   0.1062500000000000   1.9951991112180177E-15
   0.1087500000000000   2.5068338261891363E-15
   0.1112500000000000   5.3181867852790062E-15
   0.1137500000000000   8.5930830232772783E-15
   0.1162500000000000   7.8580904883676927E-15
   0.1187500000000000   7.9662362936239076E-15
   0.1212500000000000   4.7856618018097394E-15
   0.1237500000000000   2.5398458399384270E-15
   0.1262500000000000   3.4483936506039162E-15
   0.1287500000000000   2.5202415333269260E-15
   0.1312500000000000   2.7992949015760444E-16
   0.1337500000000000   1.1097893804292888E-15
   0.1362500000000000   2.1256630788440192E-15
   0.1387500000000000   1.9881049248353852E-15
   0.1412500000000000   2.8706783100654118E-15
   0.1437500000000000   4.8149882613574838E-15
   0.1462500000000000   6.6948120331174592E-15
   0.1487500000000000   1.1875694270462070E-14
   0.1512500000000000   2.5490751470882268E-14
   0.1537500000000000   5.8031450138602404E-14
   0.1562500000000000   1.3971583594275372E-13
   0.1587500000000000   3.3158118195271438E-13
   0.1612500000000000   7.6217175752744018E-13
   0.1637500000000000   1.7496303262965780E-12
   0.1662500000000000   4.0036416311360292E-12
   0.1687500000000000   9.0661995457710949E-12
   0.1712500000000000   2.0346381706679062E-11
   0.1737500000000000   4.5356614500981928E-11
   0.1762500000000000   1.0032767800701182E-10
   0.1787500000000000   2.2025109354723614E-10
   0.1812500000000000   4.8000713874083223E-10
   0.1837500000000000   1.0386494206906617E-09
   0.1862500000000000   2.2318457283276419E-09
   0.1887500000000000   4.7632968644635472E-09
   0.1912500000000000   1.0099379470376485E-08
   0.1937500000000000   2.1277489016319906E-08
   0.1962500000000000   4.4554362426940696E-08
   0.1987500000000000   9.2750956590882118E-08
   0.2012500000000000   1.9201166685113917E-07
   0.2037500000000000   3.9541137751907035E-07
   0.2062500000000000   8.1025689178494935E-07
   0.2087500000000000   1.6527078421017883E-06
   0.2112500000000000   3.3567905620369921E-06
   0.2137500000000000   6.7915481752177383E-06
   0.2162500000000000   1.3692907931205640E-05
   0.2187500000000000   2.7521667591121276E-05
   0.2212500000000000   5.5161446760694339E-05
   0.2237500000000000   1.1015114626979839E-04
   0.2262500000000000   2.1889926805433664E-04
   0.2287500000000000   4.3261184630424322E-04
   0.2312500000000000   8.4982567938796788E-04
   0.2337500000000000   1.6587805799756035E-03
   0.2362500000000000   3.2165369363532067E-03
   0.2387500000000000   6.1954307166920694E-03
   0.2412500000000000   1.1849618101527461E-02
   0.2437500000000000   2.2477589760615844E-02
   0.2462500000000000   4.2104911028083739E-02
   0.2487500000000000   7.6909019434593939E-02
   0.2512500000000000   0.1333972548276518
   0.2537500000000000   0.2106500555816539
   0.2562500000000000   0.2589384800593177
   0.2587500000000000   0.2701838214299059
   0.2612500000000000   0.2728431232062407
   0.2637500000000000   0.2734791828802199
   0.2662500000000000   0.2736333978294659
   0.2687500000000000   0.2737049502138902
   0.2712500000000000   0.2737308748284125
   0.2737500000000000   0.2737504669570704
   0.2762500000000000   0.2737857947118741
   0.2787500000000000   0.2738410028801582
   0.2812500000000000   0.2739180192470766
   0.2837500000000000   0.2739956415423943
   0.2862500000000000   0.2740245529040726
   0.2887500000000000   0.2740352611103993
   0.2912500000000000   0.2740396281109976
   0.2937500000000000   0.2740443021903843
   0.2962500000000000   0.2740539241214631
   0.2987500000000000   0.2740697751660807
   0.3012500000000000   0.2740888634819983
   0.3037500000000000   0.2741060513352415
   0.3062500000000000   0.2741127371257140
   0.3087500000000000   0.2741157212531780
   0.3112500000000000   0.2741183390168592
   0.3137500000000000   0.2741217197296050
   0.3162500000000000   0.2741264095294135
   0.3187500000000000   0.2741327299418835
   0.3212500000000000   0.2741402885473169
   0.3237500000000000   0.2741477675174593
   0.3262500000000000   0.2741532063408262
   0.3287500000000000   0.2741554608050178
   0.3312500000000000   0.2741562298818174
   0.3337500000000000   0.2741573576123131
   0.3362500000000000   0.2741598464420253
   0.3387500000000000   0.2741635344287757
   0.3412500000000000   0.2741673067950678
   0.3437500000000000   0.2741703194476133
   0.3462500000000000   0.2741724953170657
   0.3487500000000000   0.2741743301197357
   0.3512500000000000   0.2741762302939914
   0.3537500000000000   0.2741782603433532
   0.3562500000000000   0.2741803034284165
   0.3587500000000000   0.2741822996989756
   0.3612500000000000   0.2741842263772674
   0.3637500000000000   0.2741859929936030
   0.3662500000000000   0.2741874925623375
   0.3687500000000000   0.2741887777908690
   0.3712500000000000   0.2741900857055783
   0.3737500000000000   0.2741916163688148
   0.3762500000000000   0.2741933171890980
   0.3787500000000000   0.2741949426041939
   0.3812500000000000   0.2741963276230890
   0.3837500000000000   0.2741975524052513
   0.3862500000000000   0.2741988122356283
   0.3887500000000000   0.2742001628441241
   0.3912500000000000   0.2742014498739234
   0.3937500000000000   0.2742024971696430
   0.3962500000000000   0.2742033196870929
   0.3987500000000000   0.2742041148456383
   0.4012500000000000   0.2742050562657689
   0.4037500000000000   0.2742061312694565
   0.4062500000000000   0.2742071927050963
   0.4087500000000000   0.2742081356236495
   0.4112500000000000   0.2742089947782599
   0.4137500000000000   0.2742098689156071
   0.4162500000000000   0.2742107891766948
   0.4187500000000000   0.2742116964766645
   0.4212500000000000   0.2742125198133884
   0.4237500000000000   0.2742132786876058
   0.4262500000000000   0.2742140464914711
   0.4287500000000000   0.2742148646342888
   0.4312500000000000   0.2742157013757365
   0.4337500000000000   0.2742164694402529
   0.4362500000000000   0.2742171444649404
   0.4387500000000000   0.2742177712314550
   0.4412500000000000   0.2742184003910978
   0.4437500000000000   0.2742190762061230
   0.4462500000000000   0.2742197776225265
   0.4487500000000000   0.2742204553815993
   0.4512500000000000   0.2742211199179841
   0.4537500000000000   0.2742217552489791
   0.4562500000000000   0.2742223379065219
   0.4587500000000000   0.2742228759367467
   0.4612500000000000   0.2742233752048083
   0.4637500000000000   0.2742238471086405
   0.4662500000000000   0.2742243414675605
   0.4687500000000000   0.2742248747921875
   0.4712500000000000   0.2742254104103546
   0.4737500000000000   0.2742259157834235
   0.4762500000000000   0.2742263764901878
   0.4787500000000000   0.2742268248476692
   0.4812500000000000   0.2742272894841888
   0.4837500000000000   0.2742277844998002
   0.4862500000000000   0.2742283062305237
   0.4887500000000000   0.2742288794595999
   0.4912500000000000   0.2742294292213281
   0.4937500000000000   0.2742298543926203
   0.4962500000000000   0.2742301857305103
   0.4987500000000000   0.2742305659969235
   0.5012500000000000   0.2742309953909100
   0.5037500000000000   0.2742313049723445
   0.5062500000000000   0.2742314942309985
   0.5087500000000000   0.2742317355183519
   0.5112500000000000   0.2742321231482265
   0.5137500000000000   0.2742325721410526
   0.5162500000000000   0.2742329337849723
   0.5187500000000000   0.2742332534623423
   0.5212500000000000   0.2742335869509966
   0.5237500000000000   0.2742339264882481
   0.5262500000000000   0.2742342187040860
   0.5287500000000001   0.2742344765542379
   0.5312500000000000   0.2742347935109778
   0.5337500000000001   0.2742350662780702
   0.5362500000000000   0.2742354948167189
   0.5387500000000001   0.2742361265482398
   0.5412500000000000   0.2742364942106745
   0.5437500000000001   0.2742370229267029
   0.5462500000000000   0.2742376130355014
   0.5487500000000000   0.2742381685949719
   0.5512500000000000   0.2742386781808629
   0.5537500000000000   0.2742393813159009
   0.5562500000000000   0.2742398926098704
   0.5587500000000000   0.2742404750589277
   0.5612500000000000   0.2742410814332403
   0.5637500000000000   0.2742419415453292
   0.5662500000000000   0.2742433222580230
   0.5687500000000000   0.2742457592806034
   0.5712500000000000   0.2742502934102091
   0.5737500000000000   0.2742601089704576
   0.5762500000000000   0.2742830641901183
   0.5787500000000000   0.2743350518637046
   0.5812500000000000   0.2744535324995314
   0.5837500000000000   0.2747360855704397
   0.5862500000000000   0.2754081658977858
   0.5887500000000000   0.2769849304825872
   0.5912500000000001   0.2807526679018999
   0.5937500000000000   0.2897436271190603
   0.5962500000000001   0.3098766903567666
   0.5987500000000000   0.3332713044468279
   0.6012500000000001   0.3572131795680391
   0.6037500000000000   0.3797017819429183
   0.6062500000000001   0.3990434315648602
   0.6087500000000000   0.4142722602638007
   0.6112500000000000   0.4253241751861745
   0.6137500000000000   0.4328035535389549
   0.6162500000000000   0.4375884662578127
   0.6187500000000000   0.4405206404465997
   0.6212500000000000   0.4422615301567603
   0.6237500000000000   0.4432725254735445
   0.6262500000000000   0.4438515550477140
   0.6287500000000000   0.4441812161905577
   0.6312500000000000   0.4443693847478115
   0.6337500000000000   0.4444780975383850
   0.6362500000000000   0.4445423227444949
   0.6387500000000000   0.4445815037570257
   0.6412500000000000   0.4446063881477156
   0.6437500000000000   0.4446229489711068
   0.6462500000000000   0.4446345816924435
   0.6487500000000000   0.4446433074231134
   0.6512500000000000   0.4446503873460065
   0.6537500000000001   0.4446566053403525
   0.6562500000000000   0.4446624036970874
   0.6587500000000001   0.4446679975303089
   0.6612500000000000   0.4446734998744289
   0.6637500000000001   0.4446789972163245
   0.6662500000000000   0.4446845270230818
   0.6687500000000001   0.4446900186910490
   0.6712500000000000   0.4446953193654915
   0.6737500000000000   0.4447003518386008
   0.6762500000000000   0.4447052760362907
   0.6787500000000000   0.4447104457000849
   0.6812500000000000   0.4447161328961226
   0.6837500000000000   0.4447222481814816
   0.6862500000000000   0.4447283669336740
   0.6887500000000000   0.4447341140615499
   0.6912500000000000   0.4447395990944571
   0.6937500000000000   0.4447454603618452
   0.6962500000000000   0.4447523908072665
   0.6987500000000000   0.4447604820223000
   0.7012500000000000   0.4447689649906875
   0.7037500000000000   0.4447766564325855
   0.7062500000000000   0.4447828439917457
   0.7087500000000000   0.4447879596731724
   0.7112500000000000   0.4447934795961428
   0.7137500000000000   0.4448010444979363
   0.7162500000000001   0.4448113510346212
   0.7187500000000000   0.4448235683975671
   0.7212500000000001   0.4448356909996603
   0.7237500000000000   0.4448456731192710
   0.7262500000000001   0.4448526801642271
   0.7287500000000000   0.4448577307906055
   0.7312500000000001   0.4448633562783607
   0.7337500000000000   0.4448724255112548
   0.7362500000000000   0.4448867298778992
   0.7387500000000000   0.4449060143610518
   0.7412500000000000   0.4449279534225786
   0.7437500000000000   0.4449490256430929
   0.7462500000000000   0.4449659577489487
   0.7487500000000000   0.4449771025103436
   0.7512500000000000   0.4449831819374889
   0.7537500000000000   0.4449871352938731
   0.7562500000000000   0.4449931900260121
   0.7587500000000000   0.4450081524795735
   0.7612500000000000   0.4450501448637785
   0.7637500000000000   0.4451008883252947
   0.7662500000000000   0.4451484901882819
   0.7687500000000000   0.4451862522683397
   0.7712500000000000   0.4452113265240679
   0.7737500000000000   0.4452252544398854
   0.7762500000000000   0.4452333670957569
   0.7787500000000001   0.4452435499234672
   0.7812500000000000   0.4452655444301671
   0.7837500000000001   0.4453390080886083
   0.7862500000000000   0.4454988466933831
   0.7887500000000001   0.4456682217454460
   0.7912500000000000   0.4458242219842057
   0.7937500000000001   0.4459544808520191
   0.7962500000000000   0.4460519599189607
   0.7987500000000001   0.4461152747031044
   0.8012500000000000   0.4461493082038527
   0.8037500000000000   0.4461653316331855
   0.8062500000000000   0.4461711685791120
   0.8087500000000000   0.4461724605332707
   0.8112500000000000   0.4461656902760341
   0.8137500000000000   0.4461076391528905
   0.8162500000000000   0.4457781132183065
   0.8187500000000000   0.4440718283963084
   0.8212500000000000   0.4356148792382628
   0.8237500000000000   0.4186474108569518
   0.8262500000000000   0.4015235475607842
   0.8287500000000000   0.3846534502592217
   0.8312500000000000   0.3679384631471395
   0.8337500000000000   0.3513143680132119
   0.8362500000000000   0.3347209037642268
   0.8387500000000000   0.3180974243556848
   0.8412500000000001   0.3013814852906657
   0.8437500000000000   0.2845081017272190
   0.8462500000000001   0.2674104782564571
   0.8487500000000000   0.2500228911029601
   0.8512500000000001   0.2322866073032289
   0.8537500000000000   0.2141597037858619
   0.8562500000000001   0.1956312043829088
   0.8587500000000000   0.1767388872811057
   0.8612500000000001   0.1575883545660660
   0.8637500000000000   0.1383687680648588
   0.8662500000000000   0.1193588369365764
   0.8687500000000000   0.1009164662930085
   0.8712500000000000   8.3448193558933390E-02
   0.8737500000000000   6.7360414214532593E-02
   0.8762500000000000   5.3001767584092474E-02
   0.8787500000000000   4.0611398571345665E-02
   0.8812500000000000   3.0287589471616444E-02
   0.8837500000000000   2.1984666954533372E-02
   0.8862500000000000   1.5536286965789308E-02
   0.8887500000000000   1.0695264917242507E-02
   0.8912500000000000   7.1774249722983390E-03
   0.8937500000000000   4.6993108745632941E-03
   0.8962500000000000   3.0044314040783798E-03
   0.8987500000000000   1.8772993145954077E-03
   0.9012500000000000   1.1474373546755139E-03
   0.9037500000000001   6.8664008683798393E-04
   0.9062500000000000   4.0263857774049176E-04
   0.9087500000000001   2.3156510429005474E-04
   0.9112500000000000   1.3073627202496099E-04
   0.9137500000000001   7.2525571053476778E-05
   0.9162500000000000   3.9571560253236610E-05
   0.9187500000000001   2.1257879221383758E-05
   0.9212500000000000   1.1255804581623795E-05
   0.9237500000000001   5.8811019569140885E-06
   0.9262500000000000   3.0360210755524041E-06
   0.9287500000000000   1.5505522309438649E-06
   0.9312500000000000   7.8452307588441783E-07
   0.9337500000000000   3.9383358300928952E-07
   0.9362500000000000   1.9651848760044313E-07
   0.9387500000000000   9.7647373406143951E-08
   0.9412500000000000   4.8307121257210474E-08
   0.9437500000000000   2.3782359318653546E-08
   0.9462500000000000   1.1646605044208606E-08
   0.9487500000000000   5.6710830003027001E-09
   0.9512500000000000   2.7446587291486246E-09
   0.9537500000000000   1.3198091177538943E-09
   0.9562500000000000   6.3036620884508643E-10
   0.9587500000000000   2.9895226353660200E-10
   0.9612500000000000   1.4073808133303749E-10
   0.9637500000000000   6.5754962492897360E-11
   0.9662500000000001   3.0480098842601947E-11
   0.9687500000000000   1.4016633051447578E-11
   0.9712500000000001   6.3927621048410841E-12
   0.9737500000000000   2.8917704595978358E-12
   0.9762500000000001   1.2964780318136509E-12
   0.9787500000000000   5.7581414295546951E-13
   0.9812500000000001   2.5501893350109873E-13
   0.9837500000000000   1.1133997670156875E-13
   0.9862500000000001   4.8691743892998402E-14
   0.9887500000000000   2.0637775708716942E-14
   0.9912500000000001   8.5716203742473724E-15
   0.9937500000000000   2.2288331567020481E-15
   0.9962500000000000   9.4235261522064020E-16
   0.9987500000000000   2.6781044532129361E-16
