   1.2500000000000000E-03   5.6679824656872784E-12
   3.7499999999999999E-03   1.0907907485878490E-11
   6.2500000000000003E-03   2.2885888212576104E-11
   8.7500000000000008E-03   4.8755684274611554E-11
   1.1250000000000000E-02   1.0242074034746453E-10
   1.3750000000000000E-02   2.1343034372801668E-10
   1.6250000000000001E-02   4.4157877310255377E-10
   1.8749999999999999E-02   9.0775446259125660E-10
   2.1250000000000002E-02   1.8546750834643987E-09
   2.3750000000000000E-02   3.7679637661076585E-09
   2.6249999999999999E-02   7.6154220193619105E-09
   2.8750000000000001E-02   1.5319673468433432E-08
   3.1250000000000000E-02   3.0670037127537471E-08
   3.3750000000000002E-02   6.0969670399596134E-08
   3.6249999999999998E-02   1.2012943762672831E-07
   3.8750000000000000E-02   2.3422352751058000E-07
   4.1250000000000002E-02   4.5124953297044699E-07
   4.3750000000000004E-02   8.5783602974442359E-07
   4.6249999999999999E-02   1.6070380955786902E-06
   4.8750000000000002E-02   2.9631321135220874E-06
   5.1250000000000004E-02   5.3713063522028905E-06
   5.3749999999999999E-02   9.5618690978198736E-06
   5.6250000000000001E-02   1.6699156707938012E-05
   5.8750000000000004E-02   2.8583286513288203E-05
   6.1249999999999999E-02   4.7906392682113123E-05
   6.3750000000000001E-02   7.8552177196222636E-05
   6.6250000000000003E-02   1.2590773302312641E-04
   6.8750000000000006E-02   1.9713149304230300E-04
   7.1250000000000008E-02   3.0129684167143621E-04
   7.3749999999999996E-02   4.4931801062712910E-04
   7.6249999999999998E-02   6.5357630499962701E-04
   7.8750000000000001E-02   9.2720992630344770E-04
   8.1250000000000003E-02   1.2831077988151832E-03
   8.3750000000000005E-02   1.7327383575940277E-03
   8.6250000000000007E-02   2.2850160088284457E-03
   8.8749999999999996E-02   2.9454281233115688E-03
   9.1249999999999998E-02   3.7155982548489918E-03
   9.3750000000000000E-02   4.5933591699476610E-03
   9.6250000000000002E-02   5.5732885015271905E-03
   9.8750000000000004E-02   6.6475628133288922E-03
   0.1012500000000000   7.8069411201699057E-03
   0.1037500000000000   9.0417007429505671E-03
   0.1062500000000000   1.0342400169072018E-02
   0.1087500000000000   1.1700409845468027E-02
   0.1112500000000000   1.3108210409351360E-02
   0.1137500000000000   1.4559496608081800E-02
   0.1162500000000000   1.6049142163519606E-02
   0.1187500000000000   1.7573080840919873E-02
   0.1212500000000000   1.9128149078556030E-02
   0.1237500000000000   2.0711922077793345E-02
   0.1262500000000000   2.2322562495097474E-02
   0.1287500000000000   2.3958690894164702E-02
   0.1312500000000000   2.5619280386118048E-02
   0.1337500000000000   2.7303573990197248E-02
   0.1362500000000000   2.9011021429937108E-02
   0.1387500000000000   3.0741231585827925E-02
   0.1412500000000000   3.2493937056374912E-02
   0.1437500000000000   3.4268967827579724E-02
   0.1462500000000000   3.6066231672988024E-02
   0.1487500000000000   3.7885699478521072E-02
   0.1512500000000000   3.9727394159359351E-02
   0.1537500000000000   4.1591382202950583E-02
   0.1562500000000000   4.3477767144883085E-02
   0.1587500000000000   4.5386684481542150E-02
   0.1612500000000000   4.7318297663633969E-02
   0.1637500000000000   4.9272794913436120E-02
   0.1662500000000000   5.1250386678140768E-02
   0.1687500000000000   5.3251303580693667E-02
   0.1712500000000000   5.5275794764477748E-02
   0.1737500000000000   5.7324126553344304E-02
   0.1762500000000000   5.9396581366819134E-02
   0.1787500000000000   6.1493456843904379E-02
   0.1812500000000000   6.3615065139056848E-02
   0.1837500000000000   6.5761732361624567E-02
   0.1862500000000000   6.7933798135944079E-02
   0.1887500000000000   7.0131615263853517E-02
   0.1912500000000000   7.2355549474902067E-02
   0.1937500000000000   7.4605979252316684E-02
   0.1962500000000000   7.6883295724937378E-02
   0.1987500000000000   7.9187902617046238E-02
   0.2012500000000000   8.1520216249392749E-02
   0.2037500000000000   8.3880665585805564E-02
   0.2062500000000000   8.6269692320721861E-02
   0.2087500000000000   8.8687751003709847E-02
   0.2112500000000000   9.1135309197754838E-02
   0.2137500000000000   9.3612847668644805E-02
   0.2162500000000000   9.6120860603315997E-02
   0.2187500000000000   9.8659855855482953E-02
   0.2212500000000000   0.1012303552172649
   0.2237500000000000   0.1038328947158906
   0.2262500000000000   0.1064680249348355
   0.2287500000000000   0.1091363113590113
   0.2312500000000000   0.1118383347438268
   0.2337500000000000   0.1145746915080923
   0.2362500000000000   0.1173459941509006
   0.2387500000000000   0.1201528716927316
   0.2412500000000000   0.1229959701411258
   0.2437500000000000   0.1258759529814277
   0.2462500000000000   0.1287935016931722
   0.2487500000000000   0.1317493162928633
   0.2512500000000000   0.1347441159039839
   0.2537500000000000   0.1377786393552669
   0.2562500000000000   0.1408536458083283
   0.2587500000000000   0.1439699154159300
   0.2612500000000000   0.1471282500122275
   0.2637500000000000   0.1503294738363886
   0.2662500000000000   0.1535744342910639
   0.2687500000000000   0.1568640027371223
   0.2712500000000000   0.1601990753261048
   0.2737500000000000   0.1635805738717960
   0.2762500000000000   0.1670094467621988
   0.2787500000000000   0.1704866699133689
   0.2812500000000000   0.1740132477663757
   0.2837500000000000   0.1775902143288834
   0.2862500000000000   0.1812186342630691
   0.2887500000000000   0.1848996040215127
   0.2912500000000000   0.1886342530334878
   0.2937500000000000   0.1924237449440755
   0.2962500000000000   0.1962692789088929
   0.2987500000000000   0.2001720909482714
   0.3012500000000000   0.2041334553641418
   0.3037500000000000   0.2081546862240531
   0.3062500000000000   0.2122371389170530
   0.3087500000000000   0.2163822117851304
   0.3112500000000000   0.2205913478361343
   0.3137500000000000   0.2248660365420408
   0.3162500000000000   0.2292078157268898
   0.3187500000000000   0.2336182735507386
   0.3212500000000000   0.2380990505913851
   0.3237500000000000   0.2426518420307613
   0.3262500000000000   0.2472783999507772
   0.3287500000000000   0.2519805357404698
   0.3312500000000000   0.2567601226262687
   0.3337500000000000   0.2616190983261303
   0.3362500000000000   0.2665594678361229
   0.3387500000000000   0.2715833063638649
   0.3412500000000000   0.2766927624043601
   0.3437500000000000   0.2818900609818796
   0.3462500000000000   0.2871775070627713
   0.3487500000000000   0.2925574891371405
   0.3512500000000000   0.2980324830115310
   0.3537500000000000   0.3036050557878190
   0.3562500000000000   0.3092778700592163
   0.3587500000000000   0.3150536883606644
   0.3612500000000000   0.3209353778170205
   0.3637500000000000   0.3269259150973200
   0.3662500000000000   0.3330283916346494
   0.3687500000000000   0.3392460190961578
   0.3712500000000000   0.3455821352684301
   0.3737500000000000   0.3520402101816469
   0.3762500000000000   0.3586238526224987
   0.3787500000000000   0.3653368171572712
   0.3812500000000000   0.3721830113042997
   0.3837500000000000   0.3791665034808605
   0.3862500000000000   0.3862915312472358
   0.3887500000000000   0.3935625099077204
   0.3912500000000000   0.4009840422896121
   0.3937500000000000   0.4085609281786623
   0.3962500000000000   0.4162981752810944
   0.3987500000000000   0.4242010104741013
   0.4012500000000000   0.4322748918904290
   0.4037500000000000   0.4405255197568239
   0.4062500000000000   0.4489588598572385
   0.4087500000000000   0.4575811245978017
   0.4112500000000000   0.4663988847945303
   0.4137500000000000   0.4754188369833470
   0.4162500000000000   0.4846484141858123
   0.4187500000000000   0.4940944999881076
   0.4212500000000000   0.5037660862986656
   0.4237500000000000   0.5136694365205703
   0.4262500000000000   0.5238161366157170
   0.4287500000000000   0.5342114721737726
   0.4312500000000000   0.5448687116643374
   0.4337500000000000   0.5557955965060100
   0.4362500000000000   0.5670017576836515
   0.4387500000000000   0.5785024760083302
   0.4412500000000000   0.5903039454242048
   0.4437500000000000   0.6024204523553076
   0.4462500000000000   0.6148690427495364
   0.4487500000000000   0.6276551308127275
   0.4512500000000000   0.6407962947499286
   0.4537500000000000   0.6543144298021314
   0.4562500000000000   0.6682135356007338
   0.4587500000000000   0.6825106250165507
   0.4612500000000000   0.6972375008022624
   0.4637500000000000   0.7123999881653955
   0.4662500000000000   0.7280044806828624
   0.4687500000000000   0.7440926574128803
   0.4712500000000000   0.7606876168833191
   0.4737500000000000   0.7777773050223705
   0.4762500000000000   0.7953879286765413
   0.4787500000000000   0.8135754667936380
   0.4812500000000000   0.8323361630296516
   0.4837500000000000   0.8516385762220642
   0.4862500000000000   0.8715168367299294
   0.4887500000000000   0.8920092727825620
   0.4912500000000000   0.9130465759012999
   0.4937500000000000   0.9344945155079313
   0.4962500000000000   0.9562157070581953
   0.4987500000000000   0.9777856397156404
   0.5012500000000000   1.0069931142171349
   0.5037500000000000   1.0282499498466364
   0.5062500000000000   1.0560072254314481
   0.5087500000000000   1.0849607138637458
   0.5112500000000000   1.1145774280058602
   0.5137500000000000   1.1461444977458632
   0.5162500000000000   1.1787648755947744
   0.5187500000000000   1.2117086677906437
   0.5212500000000000   1.2445102919260826
   0.5237500000000000   1.2771627870020750
   0.5262500000000000   1.3106683785080198
   0.5287500000000001   1.3498264235185704
   0.5312500000000000   1.4051004474835915
   0.5337500000000001   1.4733769232541001
   0.5362500000000000   1.4909566843182016
   0.5387500000000001   1.4308906102864138
   0.5412500000000000   1.3689183770520141
   0.5437500000000001   1.3345582168088117
   0.5462500000000000   1.3182984258691433
   0.5487500000000000   1.3106324083636218
   0.5512500000000000   1.3068880459954326
   0.5537500000000000   1.3049366534308509
   0.5562500000000000   1.3036940562983279
   0.5587500000000000   1.3027019353207487
   0.5612500000000000   1.3020198889226924
   0.5637500000000000   1.3017666450169509
   0.5662500000000000   1.3017888173756831
   0.5687500000000000   1.3017315336609652
   0.5712500000000000   1.3013448797523128
   0.5737500000000000   1.3008470511517087
   0.5762500000000000   1.3005418199221632
   0.5787500000000000   1.3005080257976140
   0.5812500000000000   1.3005759049279790
   0.5837500000000000   1.3007858459200892
   0.5862500000000000   1.3009882492623155
   0.5887500000000000   1.3011143741483211
   0.5912500000000001   1.3010601467450094
   0.5937500000000000   1.3007991624640733
   0.5962500000000001   1.3006471483498763
   0.5987500000000000   1.3005992508812436
   0.6012500000000001   1.3006058894314905
   0.6037500000000000   1.3006281733747089
   0.6062500000000001   1.3006578616165407
   0.6087500000000000   1.3006967935537206
   0.6112500000000000   1.3007594724020344
   0.6137500000000000   1.3008798270562687
   0.6162500000000000   1.3011451852404892
   0.6187500000000000   1.3018043136115767
   0.6212500000000000   1.3027092286588022
   0.6237500000000000   1.3035092987905816
   0.6262500000000000   1.3040973082091556
   0.6287500000000000   1.3045181148053708
   0.6312500000000000   1.3049360630456426
   0.6337500000000000   1.3056171541070778
   0.6362500000000000   1.3069996289163521
   0.6387500000000000   1.3102001998801320
   0.6412500000000000   1.3183662863620529
   0.6437500000000000   1.3394543931852558
   0.6462500000000000   1.3929120867311064
   0.6487500000000000   1.4571500230325987
   0.6512500000000000   1.5230321863561487
   0.6537500000000001   1.5868705540384125
   0.6562500000000000   1.6451077101519023
   0.6587500000000001   1.6947276386665506
   0.6612500000000000   1.7343170649053345
   0.6637500000000001   1.7645996099422743
   0.6662500000000000   1.7876314447114234
   0.6687500000000001   1.8053783639792229
   0.6712500000000000   1.8189427383121572
   0.6737500000000000   1.8288060470557310
   0.6762500000000000   1.8354975153590845
   0.6787500000000000   1.8399580506721782
   0.6812500000000000   1.8432945191552661
   0.6837500000000000   1.8462353348931848
   0.6862500000000000   1.8489108166970081
   0.6887500000000000   1.8510880689482647
   0.6912500000000000   1.8525063265117510
   0.6937500000000000   1.8532589967223798
   0.6962500000000000   1.8536139049347644
   0.6987500000000000   1.8537684204256537
   0.7012500000000000   1.8538382380417424
   0.7037500000000000   1.8538934419713369
   0.7062500000000000   1.8539145655867499
   0.7087500000000000   1.8537736669106799
   0.7112500000000000   1.8531982024618212
   0.7137500000000000   1.8525957821606165
   0.7162500000000001   1.8519847189317407
   0.7187500000000000   1.8508901477014104
   0.7212500000000001   1.8486068100799673
   0.7237500000000000   1.8426995548921341
   0.7262500000000001   1.8233600908362806
   0.7287500000000000   1.7456946551887258
   0.7312500000000001   1.4147698781362914
   0.7337500000000000   0.8372481421187368
   0.7362500000000000   0.4380269812627383
   0.7387500000000000   0.2002229215862333
   0.7412500000000000   8.0840185553227792E-02
   0.7437500000000000   3.0159708356683908E-02
   0.7462500000000000   1.0856606753478290E-02
   0.7487500000000000   3.8535351800718276E-03
   0.7512500000000000   1.3608235728102367E-03
   0.7537500000000000   4.7967040303008415E-04
   0.7562500000000000   1.6896005283735334E-04
   0.7587500000000000   5.9496789498220896E-05
   0.7612500000000000   2.0947006200644464E-05
   0.7637500000000000   7.3735374472450532E-06
   0.7662500000000000   2.5950362954190270E-06
   0.7687500000000000   9.1306860667576154E-07
   0.7712500000000000   3.2116531874606606E-07
   0.7737500000000000   1.1292419716660189E-07
   0.7762500000000000   3.9686389753960375E-08
   0.7787500000000001   1.3939605736328763E-08
   0.7812500000000000   4.8929035119173849E-09
   0.7837500000000001   1.7160817241526092E-09
   0.7862500000000000   6.0132205163366535E-10
   0.7887500000000001   2.1047986086966425E-10
   0.7912500000000000   7.3583696028126345E-11
   0.7937500000000001   2.5688836034180965E-11
   0.7962500000000000   8.9538531192877387E-12
   0.7987500000000001   3.1154903212056663E-12
   0.8012500000000000   1.0819828520902816E-12
   0.8037500000000000   3.7521433178103052E-13
   0.8062500000000000   1.2948519758701206E-13
   0.8087500000000000   4.4646931979450193E-14
   0.8112500000000000   1.5167093199940015E-14
   0.8137500000000000   4.9090786779531015E-15
   0.8162500000000000   1.4675025665155738E-15
   0.8187500000000000   3.7200598291424224E-16
   0.8212500000000000   1.0176409935947059E-16
   0.8237500000000000   1.6985371226762177E-17
   0.8262500000000000   2.5231815279742322E-18
   0.8287500000000000   4.9385838293845504E-19
   0.8312500000000000   8.5151022214271588E-20
   0.8337500000000000   1.4129716451149888E-20
   0.8362500000000000   2.3431988014657945E-21
   0.8387500000000000   3.9673237134610998E-22
   0.8412500000000001   6.8990738466019269E-23
   0.8437500000000000   1.2134306657809107E-23
   0.8462500000000001   2.1162584035882956E-24
   0.8487500000000000   3.6237974174068889E-25
   0.8512500000000001   6.0789699472258518E-26
   0.8537500000000000   1.0040630168818343E-26
   0.8562500000000001   1.6484229129721794E-27
   0.8587500000000000   2.7138884037003891E-28
   0.8612500000000001   4.5049767566044596E-29
   0.8637500000000000   7.5530840542701594E-30
   0.8662500000000000   1.2775447325157522E-30
   0.8687500000000000   2.1733580585260653E-31
   0.8712500000000000   3.7045530951602073E-32
   0.8737500000000000   6.3038058896301806E-33
   0.8762500000000000   1.0677712073922516E-33
   0.8787500000000000   1.7969806575638413E-34
   0.8812500000000000   3.0018846733009550E-35
   0.8837500000000000   4.9768655369635694E-36
   0.8862500000000000   8.1919310173043049E-37
   0.8887500000000000   1.3396147977779527E-37
   0.8912500000000000   2.1781296849385210E-38
   0.8937500000000000   3.5238629111250512E-39
   0.8962500000000000   5.6756732361963279E-40
   0.8987500000000000   9.1029074248038861E-41
   0.9012500000000000   1.4536784792235402E-41
   0.9037500000000001   2.3105971864866174E-42
   0.9062500000000000   3.6535518303907403E-43
   0.9087500000000001   5.7436779714830743E-44
   0.9112500000000000   8.9729171890415134E-45
   0.9137500000000001   1.3925549509559871E-45
   0.9162500000000000   2.1468497398838253E-46
   0.9187500000000001   3.2884640053935349E-47
   0.9212500000000000   5.0070184580727943E-48
   0.9237500000000001   7.5826201516521699E-49
   0.9262500000000000   1.1428579418705664E-49
   0.9287500000000000   1.7153180470069139E-50
   0.9312500000000000   2.5647494716622731E-51
   0.9337500000000000   3.8207803823406383E-52
   0.9362500000000000   5.6702764338253487E-53
   0.9387500000000000   8.3796900978870985E-54
   0.9412500000000000   1.2324327243931694E-54
   0.9437500000000000   1.8025913456985016E-55
   0.9462500000000000   2.6199904881229519E-56
   0.9487500000000000   3.7814001246431572E-57
   0.9512500000000000   5.4159254645982901E-58
   0.9537500000000000   7.6934974950682884E-59
   0.9562500000000000   1.0834822768261812E-59
   0.9587500000000000   1.5122798594165904E-60
   0.9612500000000000   2.0915279480279143E-61
   0.9637500000000000   2.8658899344088792E-62
   0.9662500000000001   3.8903400563306881E-63
   0.9687500000000000   5.2315590746166840E-64
   0.9712500000000001   6.9691647031319829E-65
   0.9737500000000000   9.1966035973442788E-66
   0.9762500000000001   1.2021485316240836E-66
   0.9787500000000000   1.5565097073331832E-67
   0.9812500000000001   1.9960809540946378E-68
   0.9837500000000000   2.5351078602392556E-69
   0.9862500000000001   3.1882776714020062E-70
   0.9887500000000000   3.9700660454884918E-71
   0.9912500000000001   4.8938910173935023E-72
   0.9937500000000000   5.9711365384065511E-73
   0.9962500000000000   7.2145526335147199E-74
   0.9987500000000000   9.0275210084411194E-75
