   1.2500000000000000E-03  1.6047515980533025E-154
   3.7499999999999999E-03  1.5983348314157074E-151
   6.2500000000000003E-03  5.6662688744384919E-149
   8.7500000000000008E-03  1.0578061919882754E-146
   1.1250000000000000E-02  1.0550643254283322E-144
   1.3750000000000000E-02  1.6694170891563924E-143
   1.6250000000000001E-02 -1.1552890759612069E-140
   1.8749999999999999E-02 -1.7759129377007332E-138
   2.1250000000000002E-02 -7.7113631101061585E-137
   2.3750000000000000E-02  1.8138779582132190E-134
   2.6249999999999999E-02  4.9878804571181660E-132
   2.8750000000000001E-02  7.5193040214758884E-130
   3.1250000000000000E-02  8.6936859069060451E-128
   3.3750000000000002E-02  8.5446167812801296E-126
   3.6249999999999998E-02  7.5425706579080965E-124
   3.8750000000000000E-02  6.1734689189931840E-122
   4.1250000000000002E-02  4.7472989564575039E-120
   4.3750000000000004E-02  3.4270449089701767E-118
   4.6249999999999999E-02  2.3055607284321431E-116
   4.8750000000000002E-02  1.4348219792148115E-114
   5.1250000000000004E-02  8.2224015407827984E-113
   5.3749999999999999E-02  4.3326452234494094E-111
   5.6250000000000001E-02  2.1011459573668315E-109
   5.8750000000000004E-02  9.4001589466924222E-108
   6.1249999999999999E-02  3.8918546597626892E-106
   6.3750000000000001E-02  1.4963730945794799E-104
   6.6250000000000003E-02  5.3622999060393115E-103
   6.8750000000000006E-02  1.7974172542984404E-101
   7.1250000000000008E-02  5.6553794541383628E-100
   7.3749999999999996E-02   1.6760318654704475E-98
   7.6249999999999998E-02   4.6942888317339793E-97
   7.8750000000000001E-02   1.2466789738207108E-95
   8.1250000000000003E-02   3.1494833109589080E-94
   8.3750000000000005E-02   7.5926528996930893E-93
   8.6250000000000007E-02   1.7520244070760560E-91
   8.8749999999999996E-02   3.8808889095125159E-90
   9.1249999999999998E-02   8.2740062529092824E-89
   9.3750000000000000E-02   1.7017808130158989E-87
   9.6250000000000002E-02   3.3832184818135265E-86
   9.8750000000000004E-02   6.5107577064073332E-85
   0.1012500000000000   1.2140491601631652E-83
   0.1037500000000000   2.1946937111301904E-82
   0.1062500000000000   3.8468286906139534E-81
   0.1087500000000000   6.5365666981261677E-80
   0.1112500000000000   1.0763512736998510E-78
   0.1137500000000000   1.7167661396756576E-77
   0.1162500000000000   2.6509911181848264E-76
   0.1187500000000000   3.9614393845026410E-75
   0.1212500000000000   5.7266266004467196E-74
   0.1237500000000000   8.0073191498195679E-73
   0.1262500000000000   1.0833261201640561E-71
   0.1287500000000000   1.4202777039202532E-70
   0.1312500000000000   1.8126538286112991E-69
   0.1337500000000000   2.2786883799840066E-68
   0.1362500000000000   2.8954776567346687E-67
   0.1387500000000000   3.8901581619387218E-66
   0.1412500000000000   5.8115721218730602E-65
   0.1437500000000000   9.8078911795825772E-64
   0.1462500000000000   1.8002751094920818E-62
   0.1487500000000000   3.3892581314940194E-61
   0.1512500000000000   6.2591145081879100E-60
   0.1537500000000000   1.1066535478349418E-58
   0.1562500000000000   1.8530649702852130E-57
   0.1587500000000000   2.9272439356246209E-56
   0.1612500000000000   4.3594500815560596E-55
   0.1637500000000000   6.1254950051870338E-54
   0.1662500000000000   8.1314993109090383E-53
   0.1687500000000000   1.0213812743905157E-51
   0.1712500000000000   1.2158236198811631E-50
   0.1737500000000000   1.3736412224707516E-49
   0.1762500000000000   1.4750765654057906E-48
   0.1787500000000000   1.5075524231903405E-47
   0.1812500000000000   1.4681978877276168E-46
   0.1837500000000000   1.3641122172437788E-45
   0.1862500000000000   1.2104074304976076E-44
   0.1887500000000000   1.0267329540199540E-43
   0.1912500000000000   8.3334252579137981E-43
   0.1937500000000000   6.4772753427714611E-42
   0.1962500000000000   4.8249207398912929E-41
   0.1987500000000000   3.4466618497333927E-40
   0.2012500000000000   2.3623418932633249E-39
   0.2037500000000000   1.5541519052914641E-38
   0.2062500000000000   9.8201338651446184E-38
   0.2087500000000000   5.9785368945888439E-37
   0.2112500000000000   3.5676090697106433E-36
   0.2137500000000000   2.2380532368508247E-35
   0.2162500000000000   1.7520089233118247E-34
   0.2187500000000000   1.9331733146066099E-33
   0.2212500000000000   2.5831304698541172E-32
   0.2237500000000000   3.4265568298884550E-31
   0.2262500000000000   4.1395021509620178E-30
   0.2287500000000000   4.4523549133309439E-29
   0.2312500000000000   4.2544767935087070E-28
   0.2337500000000000   3.6236014004117819E-27
   0.2362500000000000   2.7628166606197928E-26
   0.2387500000000000   1.8935833314580086E-25
   0.2412500000000000   1.1709185651834181E-24
   0.2437500000000000   6.5527958038641607E-24
   0.2462500000000000   3.3272356854824322E-23
   0.2487500000000000   1.5357554570377479E-22
   0.2512500000000000   6.4514465327062540E-22
   0.2537500000000000   2.4672008587678850E-21
   0.2562500000000000   8.5928059346256548E-21
   0.2587500000000000   2.7523992890534230E-20
   0.2612500000000000   8.4592987902594794E-20
   0.2637500000000000   2.6695232608680928E-19
   0.2662500000000000   2.2357158914408355E-18
   0.2687500000000000   7.5772450876688931E-17
   0.2712500000000000   6.3692151254697807E-16
   0.2737500000000000   2.8267340666824029E-16
   0.2762500000000000   5.7944460634289711E-16
   0.2787500000000000   4.8421537462643714E-16
   0.2812500000000000   8.3195998812860659E-16
   0.2837500000000000  -4.7735444577803847E-16
   0.2862500000000000  -4.5538015753666664E-16
   0.2887500000000000  -2.2882080213269344E-15
   0.2912500000000000  -3.2675898407972389E-15
   0.2937500000000000  -2.0975405722139023E-15
   0.2962500000000000   3.9501857295428578E-15
   0.2987500000000000   1.4169217607640378E-14
   0.3012500000000000   4.1485272442108102E-14
   0.3037500000000000   1.3048067503507677E-13
   0.3062500000000000   3.6759289778738724E-13
   0.3087500000000000   1.0343318974649382E-12
   0.3112500000000000   2.8920996669574449E-12
   0.3137500000000000   7.9405230926882084E-12
   0.3162500000000000   2.1483446232142360E-11
   0.3187500000000000   5.7329375284911323E-11
   0.3212500000000000   1.5083776481368128E-10
   0.3237500000000000   3.9131053318264368E-10
   0.3262500000000000   1.0011304144951792E-09
   0.3287500000000000   2.5260743960741184E-09
   0.3312500000000000   6.2867543403013840E-09
   0.3337500000000000   1.5433922001761964E-08
   0.3362500000000000   3.7380808234800664E-08
   0.3387500000000000   8.9331437834727350E-08
   0.3412500000000000   2.1067435211574221E-07
   0.3437500000000000   4.9039839539558249E-07
   0.3462500000000000   1.1269541427885729E-06
   0.3487500000000000   2.5573251991822435E-06
   0.3512500000000000   5.7319878411402057E-06
   0.3537500000000000   1.2693965689850792E-05
   0.3562500000000000   2.7785169545737837E-05
   0.3587500000000000   6.0134358098579941E-05
   0.3612500000000000   1.2874106318173212E-04
   0.3637500000000000   2.7277763068147675E-04
   0.3662500000000000   5.7231065176110421E-04
   0.3687500000000000   1.1897091716232910E-03
   0.3712500000000000   2.4519129837281177E-03
   0.3737500000000000   5.0129456756777086E-03
   0.3762500000000000   1.0172412064766182E-02
   0.3787500000000000   2.0485608199959714E-02
   0.3812500000000000   4.0713050302874448E-02
   0.3837500000000000   7.8517731146527561E-02
   0.3862500000000000   0.1425709319833457
   0.3887500000000000   0.2355461881083697
   0.3912500000000000   0.3515830238350616
   0.3937500000000000   0.4527549327855361
   0.3962500000000000   0.4962552252529733
   0.3987500000000000   0.5171008820808235
   0.4012500000000000   0.5273842861793249
   0.4037500000000000   0.5324410531828824
   0.4062500000000000   0.5348808071545896
   0.4087500000000000   0.5360862637796642
   0.4112500000000000   0.5366798286305510
   0.4137500000000000   0.5369346282255396
   0.4162500000000000   0.5370353360459837
   0.4187500000000000   0.5370880106269650
   0.4212500000000000   0.5371160045345716
   0.4237500000000000   0.5371204661238032
   0.4262500000000000   0.5371183145042157
   0.4287500000000000   0.5371172873210190
   0.4312500000000000   0.5371175195416326
   0.4337500000000000   0.5371128431651075
   0.4362500000000000   0.5371029573699345
   0.4387500000000000   0.5370873137887703
   0.4412500000000000   0.5370646106386032
   0.4437500000000000   0.5370352335859720
   0.4462500000000000   0.5370064169738515
   0.4487500000000000   0.5369865604827511
   0.4512500000000000   0.5369763290663356
   0.4537500000000000   0.5369698835012795
   0.4562500000000000   0.5369619110387801
   0.4587500000000000   0.5369521583599769
   0.4612500000000000   0.5369471720255790
   0.4637500000000000   0.5369447576791752
   0.4662500000000000   0.5369427144280089
   0.4687500000000000   0.5369395253452471
   0.4712500000000000   0.5369342372929049
   0.4737500000000000   0.5369269953620479
   0.4762500000000000   0.5369190359489333
   0.4787500000000000   0.5369128095399940
   0.4812500000000000   0.5369101795680736
   0.4837500000000000   0.5369086162643705
   0.4862500000000000   0.5369072757627376
   0.4887500000000000   0.5369056205971847
   0.4912500000000000   0.5369034778014843
   0.4937500000000000   0.5369008553549482
   0.4962500000000000   0.5368975339360459
   0.4987500000000000   0.5368935271507573
   0.5012500000000000   0.5368902864465561
   0.5037500000000000   0.5368887259037495
   0.5062500000000000   0.5368877666850211
   0.5087500000000000   0.5368871289392441
   0.5112500000000000   0.5368861253999268
   0.5137500000000000   0.5368846917642074
   0.5162500000000000   0.5368832367130264
   0.5187500000000000   0.5368809719937373
   0.5212500000000000   0.5368789741755480
   0.5237500000000000   0.5368773815700995
   0.5262500000000000   0.5368761528795630
   0.5287500000000001   0.5368753152185599
   0.5312500000000000   0.5368744953815580
   0.5337500000000001   0.5368733728981678
   0.5362500000000000   0.5368720016527909
   0.5387500000000001   0.5368706255176163
   0.5412500000000000   0.5368693004640989
   0.5437500000000001   0.5368669432667222
   0.5462500000000000   0.5368650400302876
   0.5487500000000000   0.5368635315924657
   0.5512500000000000   0.5368621539363466
   0.5537500000000000   0.5368607967519364
   0.5562500000000000   0.5368593321832499
   0.5587500000000000   0.5368580910784004
   0.5612500000000000   0.5368558800243575
   0.5637500000000000   0.5368535092087769
   0.5662500000000000   0.5368518534963779
   0.5687500000000000   0.5368490985973911
   0.5712500000000000   0.5368463763645261
   0.5737500000000000   0.5368416762903954
   0.5762500000000000   0.5368360525620620
   0.5787500000000000   0.5368338524956284
   0.5812500000000000   0.5368328618306933
   0.5837500000000000   0.5368317836737747
   0.5862500000000000   0.5368310589053564
   0.5887500000000000   0.5368305804144273
   0.5912500000000001   0.5368298963649449
   0.5937500000000000   0.5368294836379611
   0.5962500000000001   0.5368351557099059
   0.5987500000000000   0.5368601243483430
   0.6012500000000001   0.5369390383512932
   0.6037500000000000   0.5371711060962177
   0.6062500000000001   0.5378378470127334
   0.6087500000000000   0.5396925917494828
   0.6112500000000000   0.5447767039520770
   0.6137500000000000   0.5505493066163393
   0.6162500000000000   0.5554907646494692
   0.6187500000000000   0.5594507191518636
   0.6212500000000000   0.5624317459565764
   0.6237500000000000   0.5645571218537930
   0.6262500000000000   0.5660027487115716
   0.6287500000000000   0.5669466029507725
   0.6312500000000000   0.5675415379960810
   0.6337500000000000   0.5679061858328553
   0.6362500000000000   0.5681250033249535
   0.6387500000000000   0.5682549091257807
   0.6412500000000000   0.5683322517619783
   0.6437500000000000   0.5683795221146855
   0.6462500000000000   0.5684086512522734
   0.6487500000000000   0.5684263095905547
   0.6512500000000000   0.5684370976681857
   0.6537500000000001   0.5684438107015237
   0.6562500000000000   0.5684474922316185
   0.6587500000000001   0.5684495915360535
   0.6612500000000000   0.5684516491594482
   0.6637500000000001   0.5684543903975138
   0.6662500000000000   0.5684566517339729
   0.6687500000000001   0.5684590076778359
   0.6712500000000000   0.5684612819120994
   0.6737500000000000   0.5684628496686368
   0.6762500000000000   0.5684638008735132
   0.6787500000000000   0.5684639800945795
   0.6812500000000000   0.5684629220594228
   0.6837500000000000   0.5684627849124647
   0.6862500000000000   0.5684637379739284
   0.6887500000000000   0.5684650566947107
   0.6912500000000000   0.5684671125189663
   0.6937500000000000   0.5684692154784101
   0.6962500000000000   0.5684703453636097
   0.6987500000000000   0.5684709555946493
   0.7012500000000000   0.5684708611745275
   0.7037500000000000   0.5684699775412794
   0.7062500000000000   0.5684705250349531
   0.7087500000000000   0.5684717896550200
   0.7112500000000000   0.5684736269930842
   0.7137500000000000   0.5684763608899144
   0.7162500000000001   0.5684779529747298
   0.7187500000000000   0.5684787493648333
   0.7212500000000001   0.5684784735482722
   0.7237500000000000   0.5684763036901038
   0.7262500000000001   0.5684754017402543
   0.7287500000000000   0.5684767218810909
   0.7312500000000001   0.5684789626376828
   0.7337500000000000   0.5684832156474842
   0.7362500000000000   0.5684881153715803
   0.7387500000000000   0.5684903793310646
   0.7412500000000000   0.5684912634233650
   0.7437500000000000   0.5684899667018045
   0.7462500000000000   0.5684854793269933
   0.7487500000000000   0.5684850333097519
   0.7512500000000000   0.5684871801025002
   0.7537500000000000   0.5684905467300871
   0.7562500000000000   0.5684967612600825
   0.7587500000000000   0.5685052359972141
   0.7612500000000000   0.5685088310006546
   0.7637500000000000   0.5685090220782421
   0.7662500000000000   0.5685052409486440
   0.7687500000000000   0.5685010729954315
   0.7712500000000000   0.5685006835686207
   0.7737500000000000   0.5684998003548708
   0.7762500000000000   0.5684981208253048
   0.7787500000000001   0.5684980299819015
   0.7812500000000000   0.5684926247816879
   0.7837500000000001   0.5682804800268093
   0.7862500000000000   0.5667186894263019
   0.7887500000000001   0.5562714691244991
   0.7912500000000000   0.4718532898675605
   0.7937500000000001   0.2530991245116402
   0.7962500000000000   0.1079811513925101
   0.7987500000000001   3.9707307171397907E-02
   0.8012500000000000   1.3623434707128537E-02
   0.8037500000000000   4.5326581928925606E-03
   0.8062500000000000   1.4933075301417681E-03
   0.8087500000000000   4.9029536297440376E-04
   0.8112500000000000   1.6078745911237316E-04
   0.8137500000000000   5.2709075531447998E-05
   0.8162500000000000   1.7273274308435889E-05
   0.8187500000000000   5.6594988226950574E-06
   0.8212500000000000   1.8537818226629996E-06
   0.8237500000000000   6.0698690932949954E-07
   0.8262500000000000   1.9864325107444054E-07
   0.8287500000000000   6.4962086630328240E-08
   0.8312500000000000   2.1224481079533015E-08
   0.8337500000000000   6.9259624011497387E-09
   0.8362500000000000   2.2565279660216038E-09
   0.8387500000000000   7.3374468987906888E-10
   0.8412500000000001   2.3800927504170874E-10
   0.8437500000000000   7.6977650734535417E-11
   0.8462500000000001   2.4808779975152492E-11
   0.8487500000000000   7.9625482053970966E-12
   0.8512500000000001   2.5432963466617194E-12
   0.8537500000000000   8.0802882124175666E-13
   0.8562500000000001   2.5479561764288199E-13
   0.8587500000000000   7.9409628912733540E-14
   0.8612500000000001   2.4561517307029656E-14
   0.8637500000000000   7.1781112202647165E-15
   0.8662500000000000   2.1833883563944580E-15
   0.8687500000000000   7.8548474684834136E-16
   0.8712500000000000   1.5108559065737799E-16
   0.8737500000000000   2.5508507420645767E-16
   0.8762500000000000   2.5354954459315631E-16
   0.8787500000000000   2.6055984584773608E-16
   0.8812500000000000   2.3954904788746500E-16
   0.8837500000000000   3.0258867600169784E-16
   0.8862500000000000   1.1347076347351249E-16
   0.8887500000000000   1.7020614841354970E-16
   0.8912500000000000   1.5069833635564614E-28
   0.8937500000000000   3.3717712895565830E-30
   0.8962500000000000   1.3380770791836009E-31
   0.8987500000000000   7.4979378279443217E-33
   0.9012500000000000   3.9044753410439981E-34
   0.9037500000000001   1.7021017533403877E-35
   0.9062500000000000   5.9825686768996933E-37
   0.9087500000000001   1.7871354209495363E-38
   0.9112500000000000   5.6212532073179546E-40
   0.9137500000000001   1.9721152897121911E-41
   0.9162500000000000   6.4587343670463972E-43
   0.9187500000000001   2.1313313218151743E-44
   0.9212500000000000   6.9880384129505756E-46
   0.9237500000000001   2.0767398523434423E-47
   0.9262500000000000   5.7879536714433484E-49
   0.9287500000000000   1.6109328515013978E-50
   0.9312500000000000   4.2793839962009972E-52
   0.9337500000000000   1.0233358794469204E-53
   0.9362500000000000   2.2659749349011134E-55
   0.9387500000000000   4.4269901297087705E-57
   0.9412500000000000   7.2991461788993758E-59
   0.9437500000000000   1.1743585119931721E-60
   0.9462500000000000   2.0624100679645808E-62
   0.9487500000000000   3.8489977802493156E-64
   0.9512500000000000   8.7808653110649792E-66
   0.9537500000000000   2.1694947964569837E-67
   0.9562500000000000   4.8438848647698459E-69
   0.9587500000000000   9.3216894802167872E-71
   0.9612500000000000   1.4958329789818912E-72
   0.9637500000000000   1.9785595431862983E-74
   0.9662500000000001   2.2731266499093262E-76
   0.9687500000000000   2.6880136948206098E-78
   0.9712500000000001   3.5001765481287761E-80
   0.9737500000000000   3.9900771298015850E-82
   0.9762500000000001   3.9170246482051799E-84
   0.9787500000000000   3.5757614001988047E-86
   0.9812500000000001   3.2373748323668137E-88
   0.9837500000000000   2.4630633703738182E-90
   0.9862500000000001   1.6334544867051862E-92
   0.9887500000000000   9.4809846646850388E-95
   0.9912500000000001   4.5302711149361284E-97
   0.9937500000000000   2.3398082151991062E-99
   0.9962500000000000  1.1334976535510522E-101
   0.9987500000000000  3.3501212251088494E-104
