   1.2500000000000000E-03   1.0899999999999999
   3.7499999999999999E-03   1.0900000000000005
   6.2500000000000003E-03   1.0900000000000003
   8.7500000000000008E-03   1.0900000000000007
   1.1250000000000000E-02   1.0900000000000005
   1.3750000000000000E-02   1.0900000000000005
   1.6250000000000001E-02   1.0900000000000003
   1.8749999999999999E-02   1.0900000000000003
   2.1250000000000002E-02   1.0899999999999994
   2.3750000000000000E-02   1.0900000000000001
   2.6249999999999999E-02   1.0900000000000010
   2.8750000000000001E-02   1.0900000000000016
   3.1250000000000000E-02   1.0900000000000005
   3.3750000000000002E-02   1.0900000000000003
   3.6249999999999998E-02   1.0900000000000012
   3.8750000000000000E-02   1.0900000000000005
   4.1250000000000002E-02   1.0900000000000012
   4.3750000000000004E-02   1.0900000000000010
   4.6249999999999999E-02   1.0900000000000010
   4.8750000000000002E-02   1.0900000000000005
   5.1250000000000004E-02   1.0900000000000005
   5.3749999999999999E-02   1.0899999999999999
   5.6250000000000001E-02   1.0899999999999999
   5.8750000000000004E-02   1.0900000000000007
   6.1249999999999999E-02   1.0899999999999996
   6.3750000000000001E-02   1.0899999999999994
   6.6250000000000003E-02   1.0899999999999999
   6.8750000000000006E-02   1.0899999999999996
   7.1250000000000008E-02   1.0899999999999996
   7.3749999999999996E-02   1.0899999999999999
   7.6249999999999998E-02   1.0899999999999994
   7.8750000000000001E-02   1.0899999999999999
   8.1250000000000003E-02   1.0900000000000001
   8.3750000000000005E-02   1.0899999999999999
   8.6250000000000007E-02   1.0899999999999983
   8.8749999999999996E-02   1.0899999999999990
   9.1249999999999998E-02   1.0899999999999987
   9.3750000000000000E-02   1.0899999999999999
   9.6250000000000002E-02   1.0900000000000005
   9.8750000000000004E-02   1.0900000000000007
   0.1012500000000000   1.0899999999999999
   0.1037500000000000   1.0900000000000003
   0.1062500000000000   1.0900000000000001
   0.1087500000000000   1.0899999999999999
   0.1112500000000000   1.0900000000000001
   0.1137500000000000   1.0899999999999996
   0.1162500000000000   1.0899999999999999
   0.1187500000000000   1.0899999999999985
   0.1212500000000000   1.0899999999999983
   0.1237500000000000   1.0900000000000005
   0.1262500000000000   1.0900000000000003
   0.1287500000000000   1.0900000000000007
   0.1312500000000000   1.0899999999999996
   0.1337500000000000   1.0899999999999996
   0.1362500000000000   1.0900000000000003
   0.1387500000000000   1.0899999999999996
   0.1412500000000000   1.0899999999999999
   0.1437500000000000   1.0899999999999990
   0.1462500000000000   1.0899999999999990
   0.1487500000000000   1.0899999999999976
   0.1512500000000000   1.0899999999999950
   0.1537500000000000   1.0899999999999868
   0.1562500000000000   1.0899999999999679
   0.1587500000000000   1.0899999999999193
   0.1612500000000000   1.0899999999998136
   0.1637500000000000   1.0899999999995700
   0.1662500000000000   1.0899999999990184
   0.1687500000000000   1.0899999999977810
   0.1712500000000000   1.0899999999950218
   0.1737500000000000   1.0899999999889032
   0.1762500000000000   1.0899999999754528
   0.1787500000000000   1.0899999999461105
   0.1812500000000000   1.0899999998825565
   0.1837500000000000   1.0899999997458765
   0.1862500000000000   1.0899999994539431
   0.1887500000000000   1.0899999988345848
   0.1912500000000000   1.0899999975290255
   0.1937500000000000   1.0899999947941206
   0.1962500000000000   1.0899999890990586
   0.1987500000000000   1.0899999773069855
   0.2012500000000000   1.0899999530212503
   0.2037500000000000   1.0899999032562118
   0.2062500000000000   1.0899998017574590
   0.2087500000000000   1.0899995956377617
   0.2112500000000000   1.0899991787043546
   0.2137500000000000   1.0899983383268155
   0.2162500000000000   1.0899966497622156
   0.2187500000000000   1.0899932661887364
   0.2212500000000000   1.0899865030903912
   0.2237500000000000   1.0899730466602693
   0.2262500000000000   1.0899464305601709
   0.2287500000000000   1.0898941067921062
   0.2312500000000000   1.0897918917558358
   0.2337500000000000   1.0895934458856360
   0.2362500000000000   1.0892103437000205
   0.2387500000000000   1.0884741001128742
   0.2412500000000000   1.0870628626866157
   0.2437500000000000   1.0843570627613481
   0.2462500000000000   1.0791509169542195
   0.2487500000000000   1.0691012126051551
   0.2512500000000000   1.0499238652719782
   0.2537500000000000   1.0164497291115155
   0.2562500000000000   0.9912826345362173
   0.2587500000000000   0.9850151832313385
   0.2612500000000000   0.9835130735224948
   0.2637500000000000   0.9831581679547159
   0.2662500000000000   0.9830543199670465
   0.2687500000000000   0.9830219181751760
   0.2712500000000000   0.9830068875682564
   0.2737500000000000   0.9829953142380263
   0.2762500000000000   0.9829764849272464
   0.2787500000000000   0.9829433357438299
   0.2812500000000000   0.9828986245872133
   0.2837500000000000   0.9828552849438353
   0.2862500000000000   0.9828397128399256
   0.2887500000000000   0.9828337948231717
   0.2912500000000000   0.9828305638814380
   0.2937500000000000   0.9828271541830912
   0.2962500000000000   0.9828218800853297
   0.2987500000000000   0.9828136686374109
   0.3012500000000000   0.9828031637314963
   0.3037500000000000   0.9827928885645253
   0.3062500000000000   0.9827884806803843
   0.3087500000000000   0.9827867118930557
   0.3112500000000000   0.9827857772612911
   0.3137500000000000   0.9827842942428928
   0.3162500000000000   0.9827814370749243
   0.3187500000000000   0.9827773179874159
   0.3212500000000000   0.9827728240813157
   0.3237500000000000   0.9827689125761433
   0.3262500000000000   0.9827662220903447
   0.3287500000000000   0.9827649317734909
   0.3312500000000000   0.9827641303230976
   0.3337500000000000   0.9827632390923171
   0.3362500000000000   0.9827619931357536
   0.3387500000000000   0.9827602470466126
   0.3412500000000000   0.9827581979587149
   0.3437500000000000   0.9827562409251401
   0.3462500000000000   0.9827547530932582
   0.3487500000000000   0.9827537627234166
   0.3512500000000000   0.9827529537254948
   0.3537500000000000   0.9827519496452435
   0.3562500000000000   0.9827506563256394
   0.3587500000000000   0.9827493027896985
   0.3612500000000000   0.9827481825230026
   0.3637500000000000   0.9827473670650094
   0.3662500000000000   0.9827466782370796
   0.3687500000000000   0.9827459011122203
   0.3712500000000000   0.9827449876929506
   0.3737500000000000   0.9827440510104756
   0.3762500000000000   0.9827432008659470
   0.3787500000000000   0.9827424284373840
   0.3812500000000000   0.9827416520164377
   0.3837500000000000   0.9827408374234000
   0.3862500000000000   0.9827400397090051
   0.3887500000000000   0.9827393328330615
   0.3912500000000000   0.9827387286503200
   0.3937500000000000   0.9827381795288732
   0.3962500000000000   0.9827376420268933
   0.3987500000000000   0.9827371123835434
   0.4012500000000000   0.9827365990904309
   0.4037500000000000   0.9827360862642316
   0.4062500000000000   0.9827355454434993
   0.4087500000000000   0.9827349784435561
   0.4112500000000000   0.9827344274382690
   0.4137500000000000   0.9827339321003947
   0.4162500000000000   0.9827334854743249
   0.4187500000000000   0.9827330438868286
   0.4212500000000000   0.9827325780380689
   0.4237500000000000   0.9827321021639691
   0.4262500000000000   0.9827316488336304
   0.4287500000000000   0.9827312259625600
   0.4312500000000000   0.9827308113728697
   0.4337500000000000   0.9827303883658458
   0.4362500000000000   0.9827299726688565
   0.4387500000000000   0.9827295938641952
   0.4412500000000000   0.9827292541929387
   0.4437500000000000   0.9827289176733239
   0.4462500000000000   0.9827285458882642
   0.4487500000000000   0.9827281400376610
   0.4512500000000000   0.9827277411835584
   0.4537500000000000   0.9827273894002112
   0.4562500000000000   0.9827270879172753
   0.4587500000000000   0.9827268084245476
   0.4612500000000000   0.9827265248675344
   0.4637500000000000   0.9827262348398692
   0.4662500000000000   0.9827259492589551
   0.4687500000000000   0.9827256707161049
   0.4712500000000000   0.9827253901720969
   0.4737500000000000   0.9827251036204043
   0.4762500000000000   0.9827248229137594
   0.4787500000000000   0.9827245621871709
   0.4812500000000000   0.9827243140826722
   0.4837500000000000   0.9827240480359578
   0.4862500000000000   0.9827237409064306
   0.4887500000000000   0.9827234091534540
   0.4912500000000000   0.9827231012302500
   0.4937500000000000   0.9827228508336203
   0.4962500000000000   0.9827226428854793
   0.4987500000000000   0.9827224362390947
   0.5012500000000000   0.9827222174906596
   0.5037500000000000   0.9827220153013981
   0.5062500000000000   0.9827218532696291
   0.5087500000000000   0.9827217045312151
   0.5112500000000000   0.9827215136844177
   0.5137500000000000   0.9827212622646854
   0.5162500000000000   0.9827209944735116
   0.5187500000000000   0.9827207678084794
   0.5212500000000000   0.9827205850251571
   0.5237500000000000   0.9827203929164712
   0.5262500000000000   0.9827201524651217
   0.5287500000000001   0.9827198874501364
   0.5312500000000000   0.9827196911219281
   0.5337500000000001   0.9827195621252546
   0.5362500000000000   0.9827193999528056
   0.5387500000000001   0.9827192061803977
   0.5412500000000000   0.9827190918774064
   0.5437500000000001   0.9827189317643509
   0.5462500000000000   0.9827187740238393
   0.5487500000000000   0.9827186225085180
   0.5512500000000000   0.9827184628733135
   0.5537500000000000   0.9827182509211965
   0.5562500000000000   0.9827181023793853
   0.5587500000000000   0.9827179296784440
   0.5612500000000000   0.9827177649176129
   0.5637500000000000   0.9827175801916891
   0.5662500000000000   0.9827173770359769
   0.5687500000000000   0.9827171780869193
   0.5712500000000000   0.9827170737567859
   0.5737500000000000   0.9827169565487784
   0.5762500000000000   0.9827165733537518
   0.5787500000000000   0.9827164111481962
   0.5812500000000000   0.9827170061723284
   0.5837500000000000   0.9827166226954807
   0.5862500000000000   0.9827139076654259
   0.5887500000000000   0.9827161709170743
   0.5912500000000001   0.9827221529092254
   0.5937500000000000   0.9826879425546418
   0.5962500000000001   0.9827277770878978
   0.5987500000000000   0.9827266409771326
   0.6012500000000001   0.9827243660125844
   0.6037500000000000   0.9827216291639895
   0.6062500000000001   0.9827192855129578
   0.6087500000000000   0.9827175793070521
   0.6112500000000000   0.9827166643207461
   0.6137500000000000   0.9827163494806332
   0.6162500000000000   0.9827163640149121
   0.6187500000000000   0.9827165236490361
   0.6212500000000000   0.9827167331602807
   0.6237500000000000   0.9827169556885100
   0.6262500000000000   0.9827171873036704
   0.6287500000000000   0.9827174381831799
   0.6312500000000000   0.9827177174401848
   0.6337500000000000   0.9827180231627045
   0.6362500000000000   0.9827183443587639
   0.6387500000000000   0.9827186706047031
   0.6412500000000000   0.9827189957274420
   0.6437500000000000   0.9827193148250070
   0.6462500000000000   0.9827196257432794
   0.6487500000000000   0.9827199340308124
   0.6512500000000000   0.9827202503493404
   0.6537500000000001   0.9827205823702173
   0.6562500000000000   0.9827209327127809
   0.6587500000000001   0.9827213026627513
   0.6612500000000000   0.9827216936239318
   0.6637500000000001   0.9827221060335273
   0.6662500000000000   0.9827225374596433
   0.6687500000000001   0.9827229777354131
   0.6712500000000000   0.9827234079140961
   0.6737500000000000   0.9827238149960434
   0.6762500000000000   0.9827242121597877
   0.6787500000000000   0.9827246357096688
   0.6812500000000000   0.9827251137667805
   0.6837500000000000   0.9827256381664244
   0.6862500000000000   0.9827261694095468
   0.6887500000000000   0.9827266721057659
   0.6912500000000000   0.9827271529732198
   0.6937500000000000   0.9827276680167359
   0.6962500000000000   0.9827282822466582
   0.6987500000000000   0.9827290065456804
   0.7012500000000000   0.9827297696514213
   0.7037500000000000   0.9827304611063992
   0.7062500000000000   0.9827310161764962
   0.7087500000000000   0.9827314755632017
   0.7112500000000000   0.9827319744498961
   0.7137500000000000   0.9827326641211783
   0.7162500000000001   0.9827336107826309
   0.7187500000000000   0.9827347370011266
   0.7212500000000001   0.9827358538531854
   0.7237500000000000   0.9827367706905514
   0.7262500000000001   0.9827374122161191
   0.7287500000000000   0.9827378738489037
   0.7312500000000001   0.9827383900206629
   0.7337500000000000   0.9827392294435731
   0.7362500000000000   0.9827405613973362
   0.7387500000000000   0.9827423607778789
   0.7412500000000000   0.9827444080285969
   0.7437500000000000   0.9827463752514776
   0.7462500000000000   0.9827479573791967
   0.7487500000000000   0.9827489972763720
   0.7512500000000000   0.9827495599338339
   0.7537500000000000   0.9827499228225595
   0.7562500000000000   0.9827504837432578
   0.7587500000000000   0.9827518811854213
   0.7612500000000000   0.9827558175900525
   0.7637500000000000   0.9827605817434499
   0.7662500000000000   0.9827650543378804
   0.7687500000000000   0.9827686006916085
   0.7712500000000000   0.9827709527802363
   0.7737500000000000   0.9827722588733510
   0.7762500000000000   0.9827730169302638
   0.7787500000000001   0.9827739635937854
   0.7812500000000000   0.9827760208246408
   0.7837500000000001   0.9827829228527166
   0.7862500000000000   0.9827979471046911
   0.7887500000000001   0.9828138566010451
   0.7912500000000000   0.9828285043851167
   0.7937500000000001   0.9828407347510306
   0.7962500000000000   0.9828498791949354
   0.7987500000000001   0.9828558074508382
   0.8012500000000000   0.9828589905952261
   0.8037500000000000   0.9828604895662271
   0.8062500000000000   0.9828610323461162
   0.8087500000000000   0.9828611431323220
   0.8112500000000000   0.9828604966371571
   0.8137500000000000   0.9828550603500793
   0.8162500000000000   0.9828241398591797
   0.8187500000000000   0.9826634762168520
   0.8212500000000000   0.9818534690932363
   0.8237500000000000   0.9801514790321680
   0.8262500000000000   0.9783258151687714
   0.8287500000000000   0.9764142058739271
   0.8312500000000000   0.9744021083376561
   0.8337500000000000   0.9722768525417650
   0.8362500000000000   0.9700243984194405
   0.8387500000000000   0.9676286235473015
   0.8412500000000001   0.9650708409976173
   0.8437500000000000   0.9623293203571163
   0.8462500000000001   0.9593789831263873
   0.8487500000000000   0.9561915023087536
   0.8512500000000001   0.9527361730865991
   0.8537500000000000   0.9489820626516713
   0.8562500000000001   0.9449020260940557
   0.8587500000000000   0.9404790706338699
   0.8612500000000001   0.9357150927289168
   0.8637500000000000   0.9306410578854212
   0.8662500000000000   0.9253262944824066
   0.8687500000000000   0.9198832085744960
   0.8712500000000000   0.9144633720260587
   0.8737500000000000   0.9092426435671450
   0.8762500000000000   0.9043968937656048
   0.8787500000000000   0.9000744240438771
   0.8812500000000000   0.8963735154509201
   0.8837500000000000   0.8933318525759697
   0.8862500000000000   0.8909296857875183
   0.8887500000000000   0.8891034916390532
   0.8912500000000000   0.8877642280439950
   0.8937500000000000   0.8868146416673386
   0.8962500000000000   0.8861622609326651
   0.8987500000000000   0.8857271020146886
   0.9012500000000000   0.8854447615803918
   0.9037500000000001   0.8852662806538419
   0.9062500000000000   0.8851561911846179
   0.9087500000000001   0.8850898447958345
   0.9112500000000000   0.8850507296966639
   0.9137500000000001   0.8850281438872810
   0.9162500000000000   0.8850153564646839
   0.9187500000000001   0.8850082496670725
   0.9212500000000000   0.8850043681508473
   0.9237500000000001   0.8850022823500865
   0.9262500000000000   0.8850011782288203
   0.9287500000000000   0.8850006017442410
   0.9312500000000000   0.8850003044609632
   0.9337500000000000   0.8850001528406294
   0.9362500000000000   0.8850000762657543
   0.9387500000000000   0.8850000378954237
   0.9412500000000000   0.8850000187472415
   0.9437500000000000   0.8850000092295628
   0.9462500000000000   0.8850000045198660
   0.9487500000000000   0.8850000022008585
   0.9512500000000000   0.8850000010651592
   0.9537500000000000   0.8850000005121968
   0.9562500000000000   0.8850000002446352
   0.9587500000000000   0.8850000001160192
   0.9612500000000000   0.8850000000546193
   0.9637500000000000   0.8850000000255189
   0.9662500000000001   0.8850000000118283
   0.9687500000000000   0.8850000000054397
   0.9712500000000001   0.8850000000024810
   0.9737500000000000   0.8850000000011223
   0.9762500000000001   0.8850000000005036
   0.9787500000000000   0.8850000000002242
   0.9812500000000001   0.8850000000000986
   0.9837500000000000   0.8850000000000431
   0.9862500000000001   0.8850000000000191
   0.9887500000000000   0.8850000000000082
   0.9912500000000001   0.8850000000000033
   0.9937500000000000   0.8850000000000013
   0.9962500000000000   0.8850000000000003
   0.9987500000000000   0.8850000000000002
