   1.2500000000000000E-03   1.0900000000000005
   3.7499999999999999E-03   1.0900000000000005
   6.2500000000000003E-03   1.0900000000000005
   8.7500000000000008E-03   1.0900000000000005
   1.1250000000000000E-02   1.0900000000000005
   1.3750000000000000E-02   1.0900000000000005
   1.6250000000000001E-02   1.0900000000000005
   1.8749999999999999E-02   1.0900000000000005
   2.1250000000000002E-02   1.0900000000000005
   2.3750000000000000E-02   1.0900000000000005
   2.6249999999999999E-02   1.0900000000000005
   2.8750000000000001E-02   1.0900000000000005
   3.1250000000000000E-02   1.0900000000000005
   3.3750000000000002E-02   1.0900000000000005
   3.6249999999999998E-02   1.0900000000000005
   3.8750000000000000E-02   1.0900000000000005
   4.1250000000000002E-02   1.0900000000000005
   4.3750000000000004E-02   1.0900000000000005
   4.6249999999999999E-02   1.0900000000000005
   4.8750000000000002E-02   1.0900000000000005
   5.1250000000000004E-02   1.0900000000000005
   5.3749999999999999E-02   1.0900000000000005
   5.6250000000000001E-02   1.0900000000000005
   5.8750000000000004E-02   1.0900000000000005
   6.1249999999999999E-02   1.0900000000000005
   6.3750000000000001E-02   1.0900000000000005
   6.6250000000000003E-02   1.0900000000000005
   6.8750000000000006E-02   1.0900000000000005
   7.1250000000000008E-02   1.0900000000000005
   7.3749999999999996E-02   1.0900000000000005
   7.6249999999999998E-02   1.0900000000000005
   7.8750000000000001E-02   1.0900000000000005
   8.1250000000000003E-02   1.0900000000000005
   8.3750000000000005E-02   1.0900000000000005
   8.6250000000000007E-02   1.0900000000000005
   8.8749999999999996E-02   1.0900000000000005
   9.1249999999999998E-02   1.0900000000000005
   9.3750000000000000E-02   1.0900000000000005
   9.6250000000000002E-02   1.0900000000000005
   9.8750000000000004E-02   1.0900000000000005
   0.1012500000000000   1.0900000000000005
   0.1037500000000000   1.0900000000000005
   0.1062500000000000   1.0900000000000005
   0.1087500000000000   1.0900000000000005
   0.1112500000000000   1.0900000000000005
   0.1137500000000000   1.0900000000000005
   0.1162500000000000   1.0900000000000005
   0.1187500000000000   1.0900000000000005
   0.1212500000000000   1.0900000000000005
   0.1237500000000000   1.0900000000000005
   0.1262500000000000   1.0900000000000005
   0.1287500000000000   1.0900000000000005
   0.1312500000000000   1.0900000000000005
   0.1337500000000000   1.0900000000000005
   0.1362500000000000   1.0900000000000005
   0.1387500000000000   1.0900000000000005
   0.1412500000000000   1.0900000000000005
   0.1437500000000000   1.0900000000000005
   0.1462500000000000   1.0900000000000005
   0.1487500000000000   1.0900000000000005
   0.1512500000000000   1.0900000000000005
   0.1537500000000000   1.0900000000000005
   0.1562500000000000   1.0900000000000005
   0.1587500000000000   1.0900000000000005
   0.1612500000000000   1.0900000000000005
   0.1637500000000000   1.0900000000000005
   0.1662500000000000   1.0900000000000005
   0.1687500000000000   1.0900000000000005
   0.1712500000000000   1.0900000000000005
   0.1737500000000000   1.0900000000000005
   0.1762500000000000   1.0900000000000005
   0.1787500000000000   1.0900000000000005
   0.1812500000000000   1.0900000000000005
   0.1837500000000000   1.0900000000000005
   0.1862500000000000   1.0900000000000005
   0.1887500000000000   1.0900000000000005
   0.1912500000000000   1.0900000000000005
   0.1937500000000000   1.0900000000000005
   0.1962500000000000   1.0900000000000005
   0.1987500000000000   1.0900000000000005
   0.2012500000000000   1.0900000000000005
   0.2037500000000000   1.0900000000000005
   0.2062500000000000   1.0900000000000005
   0.2087500000000000   1.0900000000000005
   0.2112500000000000   1.0900000000000005
   0.2137500000000000   1.0900000000000005
   0.2162500000000000   1.0900000000000005
   0.2187500000000000   1.0900000000000005
   0.2212500000000000   1.0900000000000005
   0.2237500000000000   1.0900000000000005
   0.2262500000000000   1.0900000000000005
   0.2287500000000000   1.0900000000000005
   0.2312500000000000   1.0900000000000005
   0.2337500000000000   1.0900000000000005
   0.2362500000000000   1.0900000000000005
   0.2387500000000000   1.0900000000000005
   0.2412500000000000   1.0900000000000005
   0.2437500000000000   1.0900000000000005
   0.2462500000000000   1.0900000000000005
   0.2487500000000000   1.0900000000000005
   0.2512500000000000   1.0900000000000005
   0.2537500000000000   1.0900000000000005
   0.2562500000000000   1.0900000000000005
   0.2587500000000000   1.0900000000000005
   0.2612500000000000   1.0900000000000005
   0.2637500000000000   1.0900000000000005
   0.2662500000000000   1.0900000000000005
   0.2687500000000000   1.0899999999999999
   0.2712500000000000   1.0899999999999999
   0.2737500000000000   1.0900000000000010
   0.2762500000000000   1.0899999999999999
   0.2787500000000000   1.0900000000000005
   0.2812500000000000   1.0899999999999996
   0.2837500000000000   1.0900000000000010
   0.2862500000000000   1.0900000000000005
   0.2887500000000000   1.0899999999999992
   0.2912500000000000   1.0899999999999992
   0.2937500000000000   1.0899999999999996
   0.2962500000000000   1.0899999999999990
   0.2987500000000000   1.0899999999999983
   0.3012500000000000   1.0899999999999912
   0.3037500000000000   1.0899999999999703
   0.3062500000000000   1.0899999999999117
   0.3087500000000000   1.0899999999997485
   0.3112500000000000   1.0899999999992933
   0.3137500000000000   1.0899999999980587
   0.3162500000000000   1.0899999999947454
   0.3187500000000000   1.0899999999859753
   0.3212500000000000   1.0899999999630960
   0.3237500000000000   1.0899999999042604
   0.3262500000000000   1.0899999997550585
   0.3287500000000000   1.0899999993819560
   0.3312500000000000   1.0899999984618460
   0.3337500000000000   1.0899999962238449
   0.3362500000000000   1.0899999908541846
   0.3387500000000000   1.0899999781436263
   0.3412500000000000   1.0899999484551230
   0.3437500000000000   1.0899998800160877
   0.3462500000000000   1.0899997242722292
   0.3487500000000000   1.0899993743076171
   0.3512500000000000   1.0899985975686741
   0.3537500000000000   1.0899968941762419
   0.3562500000000000   1.0899932017151699
   0.3587500000000000   1.0899852862421293
   0.3612500000000000   1.0899684972080950
   0.3637500000000000   1.0899332415994909
   0.3662500000000000   1.0898598913585016
   0.3687500000000000   1.0897085558801676
   0.3712500000000000   1.0893985495333069
   0.3737500000000000   1.0887669354435339
   0.3762500000000000   1.0874834120291106
   0.3787500000000000   1.0848697118184367
   0.3812500000000000   1.0795292504431646
   0.3837500000000000   1.0686044525275051
   0.3862500000000000   1.0464170586475690
   0.3887500000000000   1.0039791243085301
   0.3912500000000000   0.9350206816724327
   0.3937500000000000   0.8672460996984195
   0.3962500000000000   0.8364838990537127
   0.3987500000000000   0.8217034121637401
   0.4012500000000000   0.8144890418089442
   0.4037500000000000   0.8109169800108205
   0.4062500000000000   0.8091476638116892
   0.4087500000000000   0.8082911248955090
   0.4112500000000000   0.8078943202978309
   0.4137500000000000   0.8077097768507863
   0.4162500000000000   0.8076239520625059
   0.4187500000000000   0.8075896080972109
   0.4212500000000000   0.8075797089692647
   0.4237500000000000   0.8075754434103969
   0.4262500000000000   0.8075729799522386
   0.4287500000000000   0.8075727661185662
   0.4312500000000000   0.8075751097649115
   0.4337500000000000   0.8075778431612691
   0.4362500000000000   0.8075829317250994
   0.4387500000000000   0.8075940656195443
   0.4412500000000000   0.8076121421406109
   0.4437500000000000   0.8076334063207339
   0.4462500000000000   0.8076531656027018
   0.4487500000000000   0.8076667251546369
   0.4512500000000000   0.8076731835573708
   0.4537500000000000   0.8076767423752169
   0.4562500000000000   0.8076822552882834
   0.4587500000000000   0.8076901537465835
   0.4612500000000000   0.8076947428493967
   0.4637500000000000   0.8076968989910165
   0.4662500000000000   0.8076981683941669
   0.4687500000000000   0.8076999138859583
   0.4712500000000000   0.8077030598054751
   0.4737500000000000   0.8077077636803588
   0.4762500000000000   0.8077133174622679
   0.4787500000000000   0.8077178380593825
   0.4812500000000000   0.8077197963213186
   0.4837500000000000   0.8077208164331100
   0.4862500000000000   0.8077214570018600
   0.4887500000000000   0.8077222261179295
   0.4912500000000000   0.8077234611048298
   0.4937500000000000   0.8077252416624788
   0.4962500000000000   0.8077276293421058
   0.4987500000000000   0.8077304788470441
   0.5012500000000000   0.8077326726591385
   0.5037500000000000   0.8077336595603464
   0.5062500000000000   0.8077342571321092
   0.5087500000000000   0.8077347511817805
   0.5112500000000000   0.8077353215481630
   0.5137500000000000   0.8077358368636668
   0.5162500000000000   0.8077363200613992
   0.5187500000000000   0.8077371487490115
   0.5212500000000000   0.8077379588118866
   0.5237500000000000   0.8077389280845739
   0.5262500000000000   0.8077397340806869
   0.5287500000000001   0.8077403295529642
   0.5312500000000000   0.8077407634232835
   0.5337500000000001   0.8077411561677541
   0.5362500000000000   0.8077415154876628
   0.5387500000000001   0.8077418949451336
   0.5412500000000000   0.8077423465489100
   0.5437500000000001   0.8077432387262149
   0.5462500000000000   0.8077441009258551
   0.5487500000000000   0.8077447207250952
   0.5512500000000000   0.8077452001903216
   0.5537500000000000   0.8077455563918187
   0.5562500000000000   0.8077456308508230
   0.5587500000000000   0.8077451142695189
   0.5612500000000000   0.8077448897628355
   0.5637500000000000   0.8077454031205348
   0.5662500000000000   0.8077459679246679
   0.5687500000000000   0.8077469460676994
   0.5712500000000000   0.8077478242396475
   0.5737500000000000   0.8077487963222644
   0.5762500000000000   0.8077493426649091
   0.5787500000000000   0.8077485830237316
   0.5812500000000000   0.8077473088665839
   0.5837500000000000   0.8077468082154338
   0.5862500000000000   0.8077467787369630
   0.5887500000000000   0.8077469978805296
   0.5912500000000001   0.8077476888639346
   0.5937500000000000   0.8077490753811246
   0.5962500000000001   0.8077503260237481
   0.5987500000000000   0.8077508558182835
   0.6012500000000001   0.8077506193800794
   0.6037500000000000   0.8077496920305228
   0.6062500000000001   0.8077485621455285
   0.6087500000000000   0.8077459557702844
   0.6112500000000000   0.8077491524253366
   0.6137500000000000   0.8077497650064746
   0.6162500000000000   0.8077504214129494
   0.6187500000000000   0.8077507231016872
   0.6212500000000000   0.8077508656341185
   0.6237500000000000   0.8077503945080188
   0.6262500000000000   0.8077492345254077
   0.6287500000000000   0.8077483492847853
   0.6312500000000000   0.8077484889202159
   0.6337500000000000   0.8077492570183937
   0.6362500000000000   0.8077502261373433
   0.6387500000000000   0.8077512519985118
   0.6412500000000000   0.8077517185961929
   0.6437500000000000   0.8077511973575834
   0.6462500000000000   0.8077503529239483
   0.6487500000000000   0.8077498870484382
   0.6512500000000000   0.8077496454951693
   0.6537500000000001   0.8077497682286660
   0.6562500000000000   0.8077505805958353
   0.6587500000000001   0.8077520080274264
   0.6612500000000000   0.8077526779739996
   0.6637500000000001   0.8077525472679217
   0.6662500000000000   0.8077522446973147
   0.6687500000000001   0.8077516714327161
   0.6712500000000000   0.8077510747037077
   0.6737500000000000   0.8077508754436956
   0.6762500000000000   0.8077510136203500
   0.6787500000000000   0.8077517436447792
   0.6812500000000000   0.8077535168844128
   0.6837500000000000   0.8077544937132201
   0.6862500000000000   0.8077545539952921
   0.6887500000000000   0.8077542780864237
   0.6912500000000000   0.8077535189936016
   0.6937500000000000   0.8077527104362994
   0.6962500000000000   0.8077526101964180
   0.6987500000000000   0.8077528521785953
   0.7012500000000000   0.8077537198691133
   0.7037500000000000   0.8077553662256001
   0.7062500000000000   0.8077558377596796
   0.7087500000000000   0.8077557847132111
   0.7112500000000000   0.8077552561870044
   0.7137500000000000   0.8077542274451267
   0.7162500000000001   0.8077540576206641
   0.7187500000000000   0.8077543530189224
   0.7212500000000001   0.8077554735206269
   0.7237500000000000   0.8077581824683472
   0.7262500000000001   0.8077599746705298
   0.7287500000000000   0.8077601720850008
   0.7312500000000001   0.8077596772085042
   0.7337500000000000   0.8077579205695640
   0.7362500000000000   0.8077557817601348
   0.7387500000000000   0.8077555822747954
   0.7412500000000000   0.8077563472663346
   0.7437500000000000   0.8077587913586191
   0.7462500000000000   0.8077639130340349
   0.7487500000000000   0.8077660123834917
   0.7512500000000000   0.8077662488176939
   0.7537500000000000   0.8077656231312653
   0.7562500000000000   0.8077632191377314
   0.7587500000000000   0.8077591390861992
   0.7612500000000000   0.8077585086621534
   0.7637500000000000   0.8077600873509845
   0.7662500000000000   0.8077649599687302
   0.7687500000000000   0.8077697075888840
   0.7712500000000000   0.8077710338680392
   0.7737500000000000   0.8077721155663441
   0.7762500000000000   0.8077727575984517
   0.7787500000000001   0.8077675243413658
   0.7812500000000000   0.8077482225603334
   0.7837500000000001   0.8076629819589397
   0.7862500000000000   0.8071715489491780
   0.7887500000000001   0.8035566296832261
   0.7912500000000000   0.7725127104680442
   0.7937500000000001   0.6847828518506317
   0.7962500000000000   0.6224181505225796
   0.7987500000000001   0.5924758608265258
   0.8012500000000000   0.5809965398615721
   0.8037500000000000   0.5769949094545750
   0.8062500000000000   0.5756571987852209
   0.8087500000000000   0.5752157728665560
   0.8112500000000000   0.5750707600825435
   0.8137500000000000   0.5750231964006279
   0.8162500000000000   0.5750076016795249
   0.8187500000000000   0.5750024906503142
   0.8212500000000000   0.5750008158181606
   0.8237500000000000   0.5750002671247098
   0.8262500000000000   0.5750000874195467
   0.8287500000000000   0.5750000285887190
   0.8312500000000000   0.5750000093405364
   0.8337500000000000   0.5750000030479994
   0.8362500000000000   0.5750000009930599
   0.8387500000000000   0.5750000003229088
   0.8412500000000001   0.5750000001047441
   0.8437500000000000   0.5750000000338767
   0.8462500000000001   0.5750000000109181
   0.8487500000000000   0.5750000000035044
   0.8512500000000001   0.5750000000011194
   0.8537500000000000   0.5750000000003556
   0.8562500000000001   0.5750000000001122
   0.8587500000000000   0.5750000000000353
   0.8612500000000001   0.5750000000000109
   0.8637500000000000   0.5750000000000033
   0.8662500000000000   0.5750000000000011
   0.8687500000000000   0.5750000000000003
   0.8712500000000000   0.5750000000000003
   0.8737500000000000   0.5750000000000003
   0.8762500000000000   0.5750000000000003
   0.8787500000000000   0.5750000000000003
   0.8812500000000000   0.5750000000000003
   0.8837500000000000   0.5750000000000003
   0.8862500000000000   0.5750000000000002
   0.8887500000000000   0.5750000000000002
   0.8912500000000000   0.5750000000000001
   0.8937500000000000   0.5750000000000001
   0.8962500000000000   0.5750000000000001
   0.8987500000000000   0.5750000000000001
   0.9012500000000000   0.5750000000000001
   0.9037500000000001   0.5750000000000001
   0.9062500000000000   0.5750000000000001
   0.9087500000000001   0.5750000000000001
   0.9112500000000000   0.5750000000000001
   0.9137500000000001   0.5750000000000001
   0.9162500000000000   0.5750000000000001
   0.9187500000000001   0.5750000000000001
   0.9212500000000000   0.5750000000000001
   0.9237500000000001   0.5750000000000001
   0.9262500000000000   0.5750000000000001
   0.9287500000000000   0.5750000000000001
   0.9312500000000000   0.5750000000000001
   0.9337500000000000   0.5750000000000001
   0.9362500000000000   0.5750000000000001
   0.9387500000000000   0.5750000000000001
   0.9412500000000000   0.5750000000000001
   0.9437500000000000   0.5750000000000001
   0.9462500000000000   0.5750000000000001
   0.9487500000000000   0.5750000000000001
   0.9512500000000000   0.5750000000000001
   0.9537500000000000   0.5750000000000001
   0.9562500000000000   0.5750000000000001
   0.9587500000000000   0.5750000000000001
   0.9612500000000000   0.5750000000000001
   0.9637500000000000   0.5750000000000001
   0.9662500000000001   0.5750000000000001
   0.9687500000000000   0.5750000000000001
   0.9712500000000001   0.5750000000000001
   0.9737500000000000   0.5750000000000001
   0.9762500000000001   0.5750000000000001
   0.9787500000000000   0.5750000000000001
   0.9812500000000001   0.5750000000000001
   0.9837500000000000   0.5750000000000001
   0.9862500000000001   0.5750000000000001
   0.9887500000000000   0.5750000000000001
   0.9912500000000001   0.5750000000000001
   0.9937500000000000   0.5750000000000001
   0.9962500000000000   0.5750000000000001
   0.9987500000000000   0.5750000000000001
