   1.2500000000000000E-03   2.9999999999242788
   3.7499999999999999E-03   2.9999999998542783
   6.2500000000000003E-03   2.9999999996942650
   8.7500000000000008E-03   2.9999999993486606
   1.1250000000000000E-02   2.9999999986317438
   1.3750000000000000E-02   2.9999999971487514
   1.6250000000000001E-02   2.9999999941008908
   1.8749999999999999E-02   2.9999999878731791
   2.1250000000000002E-02   2.9999999752231368
   2.3750000000000000E-02   2.9999999496632457
   2.6249999999999999E-02   2.9999998982645155
   2.8750000000000001E-02   2.9999997953423545
   3.1250000000000000E-02   2.9999995902747503
   3.3750000000000002E-02   2.9999991854978973
   3.6249999999999998E-02   2.9999983951749836
   3.8750000000000000E-02   2.9999968709786735
   4.1250000000000002E-02   2.9999939717074477
   4.3750000000000004E-02   2.9999885400957611
   4.6249999999999999E-02   2.9999785315195644
   4.8750000000000002E-02   2.9999604156708277
   5.1250000000000004E-02   2.9999282458384799
   5.3749999999999999E-02   2.9998722676097205
   5.6250000000000001E-02   2.9997769318799072
   5.8750000000000004E-02   2.9996182055923026
   6.1249999999999999E-02   2.9993601633754445
   6.3750000000000001E-02   2.9989510198155034
   6.6250000000000003E-02   2.9983190370923158
   6.8750000000000006E-02   2.9973690919939155
   7.1250000000000008E-02   2.9959810270422116
   7.3749999999999996E-02   2.9940110926062729
   7.6249999999999998E-02   2.9912976225751482
   7.8750000000000001E-02   2.9876714319004831
   8.1250000000000003E-02   2.9829702989156512
   8.3750000000000005E-02   2.9770555676111830
   8.6250000000000007E-02   2.9698278603776624
   8.8749999999999996E-02   2.9612386351925086
   9.1249999999999998E-02   2.9512950958424882
   9.3750000000000000E-02   2.9400575658046839
   9.6250000000000002E-02   2.9276302800818939
   9.8750000000000004E-02   2.9141479616034727
   0.1012500000000000   2.8997611022782541
   0.1037500000000000   2.8846225424388203
   0.1062500000000000   2.8688770450594645
   0.1087500000000000   2.8526545156298297
   0.1112500000000000   2.8360666610108640
   0.1137500000000000   2.8192063679342354
   0.1162500000000000   2.8021489080435598
   0.1187500000000000   2.7849541435982275
   0.1212500000000000   2.7676690977803302
   0.1237500000000000   2.7503304712290766
   0.1262500000000000   2.7329668755532928
   0.1287500000000000   2.7156006926387963
   0.1312500000000000   2.6982495552361843
   0.1337500000000000   2.6809274899405908
   0.1362500000000000   2.6636457813040915
   0.1387500000000000   2.6464136169269978
   0.1412500000000000   2.6292385663281426
   0.1437500000000000   2.6121269364989810
   0.1462500000000000   2.5950840372115271
   0.1487500000000000   2.5781143806895144
   0.1512500000000000   2.5612218335419161
   0.1537500000000000   2.5444097338043248
   0.1562500000000000   2.5276809822543500
   0.1587500000000000   2.5110381145451135
   0.1612500000000000   2.4944833588549953
   0.1637500000000000   2.4780186824581025
   0.1662500000000000   2.4616458297113253
   0.1687500000000000   2.4453663533117234
   0.1712500000000000   2.4291816402193778
   0.1737500000000000   2.4130929333091298
   0.1762500000000000   2.3971013495715661
   0.1787500000000000   2.3812078955028380
   0.1812500000000000   2.3654134801869522
   0.1837500000000000   2.3497189264707288
   0.1862500000000000   2.3341249805520232
   0.1887500000000000   2.3186323202400785
   0.1912500000000000   2.3032415620987683
   0.1937500000000000   2.2879532676456145
   0.1962500000000000   2.2727679487493306
   0.1987500000000000   2.2576860723447494
   0.2012500000000000   2.2427080645645705
   0.2037500000000000   2.2278343143714956
   0.2062500000000000   2.2130651767614729
   0.2087500000000000   2.1984009755975316
   0.2112500000000000   2.1838420061247827
   0.2137500000000000   2.1693885372091635
   0.2162500000000000   2.1550408133360199
   0.2187500000000000   2.1407990563987842
   0.2212500000000000   2.1266634673034606
   0.2237500000000000   2.1126342274105934
   0.2262500000000000   2.0987114998331089
   0.2287500000000000   2.0848954306058793
   0.2312500000000000   2.0711861497404858
   0.2337500000000000   2.0575837721772028
   0.2362500000000000   2.0440883986445271
   0.2387500000000000   2.0307001164354848
   0.2412500000000000   2.0174190001088768
   0.2437500000000000   2.0042451121226299
   0.2462500000000000   1.9911785034056213
   0.2487500000000000   1.9782192138734123
   0.2512500000000000   1.9653672728927438
   0.2537500000000000   1.9526226996988327
   0.2562500000000000   1.9399855037690621
   0.2587500000000000   1.9274556851562872
   0.2612500000000000   1.9150332347845933
   0.2637500000000000   1.9027181347104070
   0.2662500000000000   1.8905103583517300
   0.2687500000000000   1.8784098706885597
   0.2712500000000000   1.8664166284376134
   0.2737500000000000   1.8545305802047236
   0.2762500000000000   1.8427516666183823
   0.2787500000000000   1.8310798204479055
   0.2812500000000000   1.8195149667094672
   0.2837500000000000   1.8080570227628829
   0.2862500000000000   1.7967058984014697
   0.2887500000000000   1.7854614959366633
   0.2912500000000000   1.7743237102780594
   0.2937500000000000   1.7632924290089449
   0.2962500000000000   1.7523675324564374
   0.2987500000000000   1.7415488937548669
   0.3012500000000000   1.7308363789005157
   0.3037500000000000   1.7202298467958497
   0.3062500000000000   1.7097291492815117
   0.3087500000000000   1.6993341311547849
   0.3112500000000000   1.6890446301740116
   0.3137500000000000   1.6788604770492759
   0.3162500000000000   1.6687814954204259
   0.3187500000000000   1.6588075018244242
   0.3212500000000000   1.6489383056542481
   0.3237500000000000   1.6391737091119074
   0.3262500000000000   1.6295135071579041
   0.3287500000000000   1.6199574874586777
   0.3312500000000000   1.6105054303331696
   0.3337500000000000   1.6011571086983114
   0.3362500000000000   1.5919122880127048
   0.3387500000000000   1.5827707262172874
   0.3412500000000000   1.5737321736709107
   0.3437500000000000   1.5647963730795373
   0.3462500000000000   1.5559630594174392
   0.3487500000000000   1.5472319598389581
   0.3512500000000000   1.5386027935805555
   0.3537500000000000   1.5300752718516579
   0.3562500000000000   1.5216490977138892
   0.3587500000000000   1.5133239659481239
   0.3612500000000000   1.5050995629069261
   0.3637500000000000   1.4969755663523407
   0.3662500000000000   1.4889516452761031
   0.3687500000000000   1.4810274596998625
   0.3712500000000000   1.4732026604544854
   0.3737500000000000   1.4654768889336889
   0.3762500000000000   1.4578497768202388
   0.3787500000000000   1.4503209457830071
   0.3812500000000000   1.4428900071377055
   0.3837500000000000   1.4355565614742016
   0.3862500000000000   1.4283201982425033
   0.3887500000000000   1.4211804952956681
   0.3912500000000000   1.4141370183928679
   0.3937500000000000   1.4071893206481139
   0.3962500000000000   1.4003369419425804
   0.3987500000000000   1.3935794082718946
   0.4012500000000000   1.3869162310764043
   0.4037500000000000   1.3803469064525744
   0.4062500000000000   1.3738709144778736
   0.4087500000000000   1.3674877181474931
   0.4112500000000000   1.3611967629353505
   0.4137500000000000   1.3549974751294931
   0.4162500000000000   1.3488892619965889
   0.4187500000000000   1.3428715093800445
   0.4212500000000000   1.3369435819051148
   0.4237500000000000   1.3311048219027641
   0.4262500000000000   1.3253545454499904
   0.4287500000000000   1.3196920487973434
   0.4312500000000000   1.3141165945157143
   0.4337500000000000   1.3086274256392261
   0.4362500000000000   1.3032237534709286
   0.4387500000000000   1.2979047539545574
   0.4412500000000000   1.2926695875063321
   0.4437500000000000   1.2875173639868331
   0.4462500000000000   1.2824471696459860
   0.4487500000000000   1.2774580617793172
   0.4512500000000000   1.2725490489728173
   0.4537500000000000   1.2677191045764107
   0.4562500000000000   1.2629671880454063
   0.4587500000000000   1.2582921932029121
   0.4612500000000000   1.2536929883602494
   0.4637500000000000   1.2491684310747613
   0.4662500000000000   1.2447173499882980
   0.4687500000000000   1.2403385283536010
   0.4712500000000000   1.2360308118655570
   0.4737500000000000   1.2317930819337699
   0.4762500000000000   1.2276242895405227
   0.4787500000000000   1.2235235570629694
   0.4812500000000000   1.2194903930720511
   0.4837500000000000   1.2155248403456183
   0.4862500000000000   1.2116278473987843
   0.4887500000000000   1.2078020653338748
   0.4912500000000000   1.2040532410383182
   0.4937500000000000   1.2003927337231854
   0.4962500000000000   1.1968433872292064
   0.4987500000000000   1.1934723860724057
   0.5012500000000000   1.1891204764069554
   0.5037500000000000   1.1860832519850038
   0.5062500000000000   1.1822609691351982
   0.5087500000000000   1.1784414244200141
   0.5112500000000000   1.1746902813971427
   0.5137500000000000   1.1708281430464957
   0.5162500000000000   1.1669422562520959
   0.5187500000000000   1.1630979668698820
   0.5212500000000000   1.1593249710907962
   0.5237500000000000   1.1555784915576810
   0.5262500000000000   1.1516949368660803
   0.5287500000000001   1.1469641435337306
   0.5312500000000000   1.1396030352991597
   0.5337500000000001   1.1266271553239304
   0.5362500000000000   1.1060813108134830
   0.5387500000000001   1.0798190934978751
   0.5412500000000000   1.0545031963086284
   0.5437500000000001   1.0362382382959099
   0.5462500000000000   1.0254133419483809
   0.5487500000000000   1.0195179140379369
   0.5512500000000000   1.0163138850613154
   0.5537500000000000   1.0145056327928690
   0.5562500000000000   1.0134069439007081
   0.5587500000000000   1.0126389418680024
   0.5612500000000000   1.0120706158285488
   0.5637500000000000   1.0116702481836943
   0.5662500000000000   1.0113994175841883
   0.5687500000000000   1.0112101598472862
   0.5712500000000000   1.0110561990816849
   0.5737500000000000   1.0109484367467800
   0.5762500000000000   1.0108634761084627
   0.5787500000000000   1.0108038485138675
   0.5812500000000000   1.0107670593780744
   0.5837500000000000   1.0107218618148919
   0.5862500000000000   1.0106840694571593
   0.5887500000000000   1.0106507890000092
   0.5912500000000001   1.0106168059639329
   0.5937500000000000   1.0105909670457935
   0.5962500000000001   1.0105787692471198
   0.5987500000000000   1.0105696933651802
   0.6012500000000001   1.0105623512194906
   0.6037500000000000   1.0105569994572001
   0.6062500000000001   1.0105517591807349
   0.6087500000000000   1.0105465611815310
   0.6112500000000000   1.0105425156722665
   0.6137500000000000   1.0105401531256919
   0.6162500000000000   1.0105376690171723
   0.6187500000000000   1.0105360821522986
   0.6212500000000000   1.0105370920432797
   0.6237500000000000   1.0105372156854389
   0.6262500000000000   1.0105355440928683
   0.6287500000000000   1.0105374048898890
   0.6312500000000000   1.0105403613453483
   0.6337500000000000   1.0105383308845151
   0.6362500000000000   1.0105430893213778
   0.6387500000000000   1.0105601681587735
   0.6412500000000000   1.0105542896528590
   0.6437500000000000   1.0105346507689190
   0.6462500000000000   1.0105813345596890
   0.6487500000000000   1.0105671694200293
   0.6512500000000000   1.0105458835833581
   0.6537500000000001   1.0105620789333156
   0.6562500000000000   1.0106042807367088
   0.6587500000000001   1.0106211139560060
   0.6612500000000000   1.0105873461666914
   0.6637500000000001   1.0105331710003465
   0.6662500000000000   1.0105100090292047
   0.6687500000000001   1.0105389227665786
   0.6712500000000000   1.0105947392723356
   0.6737500000000000   1.0106345221063617
   0.6762500000000000   1.0106366723935065
   0.6787500000000000   1.0106152450021018
   0.6812500000000000   1.0106019738419929
   0.6837500000000000   1.0106165976317729
   0.6862500000000000   1.0106531326053843
   0.6887500000000000   1.0106895062716565
   0.6912500000000000   1.0107074301487533
   0.6937500000000000   1.0107059406149148
   0.6962500000000000   1.0106931995327053
   0.6987500000000000   1.0106757722662354
   0.7012500000000000   1.0106596104884349
   0.7037500000000000   1.0106428465218333
   0.7062500000000000   1.0106249657497643
   0.7087500000000000   1.0106019359441512
   0.7112500000000000   1.0105613812957353
   0.7137500000000000   1.0105259759427483
   0.7162500000000001   1.0104931720217605
   0.7187500000000000   1.0104367242934555
   0.7212500000000001   1.0103162753645916
   0.7237500000000000   1.0100045331319860
   0.7262500000000001   1.0089683806710181
   0.7287500000000000   1.0045530338470821
   0.7312500000000001   0.9793331406564351
   0.7337500000000000   0.8856566885372509
   0.7362500000000000   0.7587980384951640
   0.7387500000000000   0.6620353794093573
   0.7412500000000000   0.6104538624296223
   0.7437500000000000   0.5882593054361687
   0.7462500000000000   0.5797762964748396
   0.7487500000000000   0.5766956981218977
   0.7512500000000000   0.5755988539826629
   0.7537500000000000   0.5752110922117781
   0.7562500000000000   0.5750743561437812
   0.7587500000000000   0.5750261834935373
   0.7612500000000000   0.5750092184192827
   0.7637500000000000   0.5750032449689059
   0.7662500000000000   0.5750011420316499
   0.7687500000000000   0.5750004018260924
   0.7712500000000000   0.5750001413394418
   0.7737500000000000   0.5750000496960354
   0.7762500000000000   0.5750000174653109
   0.7787500000000001   0.5750000061345855
   0.7812500000000000   0.5750000021532845
   0.7837500000000001   0.5750000007552186
   0.7862500000000000   0.5750000002646314
   0.7887500000000001   0.5750000000926285
   0.7912500000000000   0.5750000000323831
   0.7937500000000001   0.5750000000113054
   0.7962500000000000   0.5750000000039407
   0.7987500000000001   0.5750000000013712
   0.8012500000000000   0.5750000000004761
   0.8037500000000000   0.5750000000001650
   0.8062500000000000   0.5750000000000571
   0.8087500000000000   0.5750000000000198
   0.8112500000000000   0.5750000000000067
   0.8137500000000000   0.5750000000000022
   0.8162500000000000   0.5750000000000006
   0.8187500000000000   0.5750000000000001
   0.8212500000000000   0.5750000000000001
   0.8237500000000000   0.5750000000000001
   0.8262500000000000   0.5750000000000001
   0.8287500000000000   0.5750000000000001
   0.8312500000000000   0.5750000000000001
   0.8337500000000000   0.5750000000000001
   0.8362500000000000   0.5750000000000001
   0.8387500000000000   0.5750000000000001
   0.8412500000000001   0.5750000000000001
   0.8437500000000000   0.5750000000000001
   0.8462500000000001   0.5750000000000001
   0.8487500000000000   0.5750000000000001
   0.8512500000000001   0.5750000000000001
   0.8537500000000000   0.5750000000000001
   0.8562500000000001   0.5750000000000001
   0.8587500000000000   0.5750000000000001
   0.8612500000000001   0.5750000000000001
   0.8637500000000000   0.5750000000000001
   0.8662500000000000   0.5750000000000001
   0.8687500000000000   0.5750000000000001
   0.8712500000000000   0.5750000000000001
   0.8737500000000000   0.5750000000000001
   0.8762500000000000   0.5750000000000001
   0.8787500000000000   0.5750000000000001
   0.8812500000000000   0.5750000000000001
   0.8837500000000000   0.5750000000000001
   0.8862500000000000   0.5750000000000001
   0.8887500000000000   0.5750000000000001
   0.8912500000000000   0.5750000000000001
   0.8937500000000000   0.5750000000000001
   0.8962500000000000   0.5750000000000001
   0.8987500000000000   0.5750000000000001
   0.9012500000000000   0.5750000000000001
   0.9037500000000001   0.5750000000000001
   0.9062500000000000   0.5750000000000001
   0.9087500000000001   0.5750000000000001
   0.9112500000000000   0.5750000000000001
   0.9137500000000001   0.5750000000000001
   0.9162500000000000   0.5750000000000001
   0.9187500000000001   0.5750000000000001
   0.9212500000000000   0.5750000000000001
   0.9237500000000001   0.5750000000000001
   0.9262500000000000   0.5750000000000001
   0.9287500000000000   0.5750000000000001
   0.9312500000000000   0.5750000000000001
   0.9337500000000000   0.5750000000000001
   0.9362500000000000   0.5750000000000001
   0.9387500000000000   0.5750000000000001
   0.9412500000000000   0.5750000000000001
   0.9437500000000000   0.5750000000000001
   0.9462500000000000   0.5750000000000001
   0.9487500000000000   0.5750000000000001
   0.9512500000000000   0.5750000000000001
   0.9537500000000000   0.5750000000000001
   0.9562500000000000   0.5750000000000001
   0.9587500000000000   0.5750000000000001
   0.9612500000000000   0.5750000000000001
   0.9637500000000000   0.5750000000000001
   0.9662500000000001   0.5750000000000001
   0.9687500000000000   0.5750000000000001
   0.9712500000000001   0.5750000000000001
   0.9737500000000000   0.5750000000000001
   0.9762500000000001   0.5750000000000001
   0.9787500000000000   0.5750000000000001
   0.9812500000000001   0.5750000000000001
   0.9837500000000000   0.5750000000000001
   0.9862500000000001   0.5750000000000001
   0.9887500000000000   0.5750000000000001
   0.9912500000000001   0.5750000000000001
   0.9937500000000000   0.5750000000000001
   0.9962500000000000   0.5750000000000001
   0.9987500000000000   0.5750000000000001
