   1.2500000000000000E-03   1.8179999999896947
   3.7499999999999999E-03   1.8179999999801681
   6.2500000000000003E-03   1.8179999999583933
   8.7500000000000008E-03   1.8179999999113610
   1.1250000000000000E-02   1.8179999998137990
   1.3750000000000000E-02   1.8179999996119833
   1.6250000000000001E-02   1.8179999991972102
   1.8749999999999999E-02   1.8179999983497026
   2.1250000000000002E-02   1.8179999966281999
   2.3750000000000000E-02   1.8179999931498423
   2.6249999999999999E-02   1.8179999861551632
   2.8750000000000001E-02   1.8179999721488336
   3.1250000000000000E-02   1.8179999442418753
   3.3750000000000002E-02   1.8179998891571501
   3.6249999999999998E-02   1.8179997816047246
   3.8750000000000000E-02   1.8179995741817883
   4.1250000000000002E-02   1.8179991796289570
   4.3750000000000004E-02   1.8179984404563228
   4.6249999999999999E-02   1.8179970784126473
   4.8750000000000002E-02   1.8179946130530460
   5.1250000000000004E-02   1.8179902350557151
   5.3749999999999999E-02   1.8179826168131561
   5.6250000000000001E-02   1.8179696418331017
   5.8750000000000004E-02   1.8179480382568238
   6.1249999999999999E-02   1.8179129137804366
   6.3750000000000001E-02   1.8178572128388808
   6.6250000000000003E-02   1.8177711535579260
   6.8750000000000006E-02   1.8176417483842275
   7.1250000000000008E-02   1.8174525574095182
   7.3749999999999996E-02   1.8171838474806246
   7.6249999999999998E-02   1.8168133088868736
   7.8750000000000001E-02   1.8163173965763264
   8.1250000000000003E-02   1.8156732174726455
   8.3750000000000005E-02   1.8148607142967335
   8.6250000000000007E-02   1.8138647608900074
   8.8749999999999996E-02   1.8126767477446397
   9.1249999999999998E-02   1.8112953297854888
   9.3750000000000000E-02   1.8097262069499365
   9.6250000000000002E-02   1.8079810403745165
   9.8750000000000004E-02   1.8060757900670910
   0.1012500000000000   1.8040288392950941
   0.1037500000000000   1.8018592405834695
   0.1062500000000000   1.7995853130209407
   0.1087500000000000   1.7972236913281634
   0.1112500000000000   1.7947888163618286
   0.1137500000000000   1.7922927863173213
   0.1162500000000000   1.7897454596944156
   0.1187500000000000   1.7871547046391272
   0.1212500000000000   1.7845267103860833
   0.1237500000000000   1.7818663030803903
   0.1262500000000000   1.7791772325166553
   0.1287500000000000   1.7764624147838362
   0.1312500000000000   1.7737241278972051
   0.1337500000000000   1.7709641642519742
   0.1362500000000000   1.7681839466844333
   0.1387500000000000   1.7653846155281070
   0.1412500000000000   1.7625670934160702
   0.1437500000000000   1.7597321334418417
   0.1462500000000000   1.7568803550754171
   0.1487500000000000   1.7540122711446389
   0.1512500000000000   1.7511283083100562
   0.1537500000000000   1.7482288227856937
   0.1562500000000000   1.7453141125601572
   0.1587500000000000   1.7423844270149158
   0.1612500000000000   1.7394399745831097
   0.1637500000000000   1.7364809289144252
   0.1662500000000000   1.7335074338862073
   0.1687500000000000   1.7305196077128107
   0.1712500000000000   1.7275175463421388
   0.1737500000000000   1.7245013262828404
   0.1762500000000000   1.7214710069726249
   0.1787500000000000   1.7184266327733453
   0.1812500000000000   1.7153682346602184
   0.1837500000000000   1.7122958316584587
   0.1862500000000000   1.7092094320699389
   0.1887500000000000   1.7061090345240089
   0.1912500000000000   1.7029946288804731
   0.1937500000000000   1.6998661970073514
   0.1962500000000000   1.6967237134522262
   0.1987500000000000   1.6935671460228832
   0.2012500000000000   1.6903964562902367
   0.2037500000000000   1.6872116000247048
   0.2062500000000000   1.6840125275752780
   0.2087500000000000   1.6807991841992660
   0.2112500000000000   1.6775715103494329
   0.2137500000000000   1.6743294419241763
   0.2162500000000000   1.6710729104855164
   0.2187500000000000   1.6678018434489061
   0.2212500000000000   1.6645161642481712
   0.2237500000000000   1.6612157924783078
   0.2262500000000000   1.6579006440185184
   0.2287500000000000   1.6545706311373347
   0.2312500000000000   1.6512256625814519
   0.2337500000000000   1.6478656436497079
   0.2362500000000000   1.6444904762533492
   0.2387500000000000   1.6411000589636227
   0.2412500000000000   1.6376942870476248
   0.2437500000000000   1.6342730524930948
   0.2462500000000000   1.6308362440228723
   0.2487500000000000   1.6273837470994383
   0.2512500000000000   1.6239154439200139
   0.2537500000000000   1.6204312134023457
   0.2562500000000000   1.6169309311615094
   0.2587500000000000   1.6134144694776889
   0.2612500000000000   1.6098816972549950
   0.2637500000000000   1.6063324799714835
   0.2662500000000000   1.6027666796202542
   0.2687500000000000   1.5991841546420034
   0.2712500000000000   1.5955847598491522
   0.2737500000000000   1.5919683463418213
   0.2762500000000000   1.5883347614164891
   0.2787500000000000   1.5846838484672907
   0.2812500000000000   1.5810154468810114
   0.2837500000000000   1.5773293919261266
   0.2862500000000000   1.5736255146358913
   0.2887500000000000   1.5699036416866368
   0.2912500000000000   1.5661635952702069
   0.2937500000000000   1.5624051929607303
   0.2962500000000000   1.5586282475758817
   0.2987500000000000   1.5548325670299081
   0.3012500000000000   1.5510179541796416
   0.3037500000000000   1.5471842066610706
   0.3062500000000000   1.5433311167142414
   0.3087500000000000   1.5394584709987484
   0.3112500000000000   1.5355660503942317
   0.3137500000000000   1.5316536297883256
   0.3162500000000000   1.5277209778523935
   0.3187500000000000   1.5237678567988167
   0.3212500000000000   1.5197940221293083
   0.3237500000000000   1.5157992223663146
   0.3262500000000000   1.5117831987683261
   0.3287500000000000   1.5077456850391933
   0.3312500000000000   1.5036864070124105
   0.3337500000000000   1.4996050823277740
   0.3362500000000000   1.4955014200941561
   0.3387500000000000   1.4913751205198382
   0.3412500000000000   1.4872258745457907
   0.3437500000000000   1.4830533634396554
   0.3462500000000000   1.4788572583648274
   0.3487500000000000   1.4746372199531601
   0.3512500000000000   1.4703928978005900
   0.3537500000000000   1.4661239299775464
   0.3562500000000000   1.4618299425015899
   0.3587500000000000   1.4575105487189495
   0.3612500000000000   1.4531653487557405
   0.3637500000000000   1.4487939288205780
   0.3662500000000000   1.4443958604943956
   0.3687500000000000   1.4399707000649762
   0.3712500000000000   1.4355179875999431
   0.3737500000000000   1.4310372461729211
   0.3762500000000000   1.4265279809600997
   0.3787500000000000   1.4219896780391437
   0.3812500000000000   1.4174218036201407
   0.3837500000000000   1.4128238025655167
   0.3862500000000000   1.4081950971791661
   0.3887500000000000   1.4035350861424829
   0.3912500000000000   1.3988431422679450
   0.3937500000000000   1.3941186117378324
   0.3962500000000000   1.3893608116792739
   0.3987500000000000   1.3845690282887617
   0.4012500000000000   1.3797425146284295
   0.4037500000000000   1.3748804911838455
   0.4062500000000000   1.3699821290724818
   0.4087500000000000   1.3650465951976027
   0.4112500000000000   1.3600729141034649
   0.4137500000000000   1.3550603071963381
   0.4162500000000000   1.3500073911301176
   0.4187500000000000   1.3449138916467924
   0.4212500000000000   1.3397772393639653
   0.4237500000000000   1.3345986962952534
   0.4262500000000000   1.3293734224176630
   0.4287500000000000   1.3241045944173180
   0.4312500000000000   1.3187864105081666
   0.4337500000000000   1.3134200007118022
   0.4362500000000000   1.3080046587902669
   0.4387500000000000   1.3025341522699070
   0.4412500000000000   1.2970124233398750
   0.4437500000000000   1.2914352720326596
   0.4462500000000000   1.2857965078269438
   0.4487500000000000   1.2801018849538726
   0.4512500000000000   1.2743455807732904
   0.4537500000000000   1.2685186760234015
   0.4562500000000000   1.2626291924257149
   0.4587500000000000   1.2566733447860612
   0.4612500000000000   1.2506353217781037
   0.4637500000000000   1.2445224266191413
   0.4662500000000000   1.2383408911278828
   0.4687500000000000   1.2320683509863888
   0.4712500000000000   1.2256986463116923
   0.4737500000000000   1.2192526377247555
   0.4762500000000000   1.2127202666700276
   0.4787500000000000   1.2060695263422696
   0.4812500000000000   1.1993124355662033
   0.4837500000000000   1.1924776220907971
   0.4862500000000000   1.1855423966902634
   0.4887500000000000   1.1784769995391626
   0.4912500000000000   1.1713173207138694
   0.4937500000000000   1.1641241748702180
   0.4962500000000000   1.1569263882217717
   0.4987500000000000   1.1498311719011995
   0.5012500000000000   1.1403052479559155
   0.5037500000000000   1.1334369944325764
   0.5062500000000000   1.1245362943479709
   0.5087500000000000   1.1152693645675889
   0.5112500000000000   1.1057550335346937
   0.5137500000000000   1.0955694101345665
   0.5162500000000000   1.0849649130040191
   0.5187500000000000   1.0741049411419876
   0.5212500000000000   1.0630097996254957
   0.5237500000000000   1.0515115628892902
   0.5262500000000000   1.0391698525916395
   0.5287500000000001   1.0236720011739557
   0.5312500000000000   0.9985905161854794
   0.5337500000000001   0.9525396143444572
   0.5362500000000000   0.8810222038152637
   0.5387500000000001   0.8023763460479227
   0.5412500000000000   0.7410237524479820
   0.5437500000000001   0.7034902145281603
   0.5462500000000000   0.6833007835853636
   0.5487500000000000   0.6728631168077821
   0.5512500000000000   0.6673693061116698
   0.5537500000000000   0.6643323400051181
   0.5562500000000000   0.6624761340694325
   0.5587500000000000   0.6611449626227649
   0.5612500000000000   0.6601759842561084
   0.5637500000000000   0.6595597189974828
   0.5662500000000000   0.6591988882881572
   0.5687500000000000   0.6589251259002181
   0.5712500000000000   0.6586032043936949
   0.5737500000000000   0.6583114164190678
   0.5762500000000000   0.6581061375563561
   0.5787500000000000   0.6580139985795744
   0.5812500000000000   0.6579827863362426
   0.5837500000000000   0.6579814656115028
   0.5862500000000000   0.6579882074097840
   0.5887500000000000   0.6579792600793557
   0.5912500000000001   0.6579170445164275
   0.5937500000000000   0.6578050048614691
   0.5962500000000001   0.6577429941487590
   0.5987500000000000   0.6577158429518194
   0.6012500000000001   0.6577073795330557
   0.6037500000000000   0.6577065274139005
   0.6062500000000001   0.6577081899508228
   0.6087500000000000   0.6577127630333551
   0.6112500000000000   0.6577256574931899
   0.6137500000000000   0.6577577366399893
   0.6162500000000000   0.6578332325556947
   0.6187500000000000   0.6580235778074499
   0.6212500000000000   0.6582853140401141
   0.6237500000000000   0.6585168940485329
   0.6262500000000000   0.6586873896202813
   0.6287500000000000   0.6588092454991634
   0.6312500000000000   0.6589302525176531
   0.6337500000000000   0.6591279289093963
   0.6362500000000000   0.6595274931514727
   0.6387500000000000   0.6604492787191452
   0.6412500000000000   0.6627927490694275
   0.6437500000000000   0.6687534131361411
   0.6462500000000000   0.6831785648087532
   0.6487500000000000   0.6992883657249762
   0.6512500000000000   0.7146330965149907
   0.6537500000000001   0.7285028866011926
   0.6562500000000000   0.7403972479407747
   0.6587500000000001   0.7500168155072318
   0.6612500000000000   0.7573767593465700
   0.6637500000000001   0.7628294245955398
   0.6662500000000000   0.7668839447669337
   0.6687500000000001   0.7699622837166533
   0.6712500000000000   0.7722912547631060
   0.6737500000000000   0.7739693240116722
   0.6762500000000000   0.7750960925697391
   0.6787500000000000   0.7758397555008016
   0.6812500000000000   0.7763948432909695
   0.6837500000000000   0.7768878299878113
   0.6862500000000000   0.7773397137570009
   0.6887500000000000   0.7777080262681912
   0.6912500000000000   0.7779466596443491
   0.6937500000000000   0.7780713114006863
   0.6962500000000000   0.7781279397202664
   0.6987500000000000   0.7781503826355973
   0.7012500000000000   0.7781588501099886
   0.7037500000000000   0.7781647375367675
   0.7062500000000000   0.7781657129244103
   0.7087500000000000   0.7781387018558334
   0.7112500000000000   0.7780356012758455
   0.7137500000000000   0.7779279292703185
   0.7162500000000001   0.7778214494807101
   0.7187500000000000   0.7776323096406151
   0.7212500000000001   0.7772289855604543
   0.7237500000000000   0.7761902298350393
   0.7262500000000001   0.7727715812763394
   0.7287500000000000   0.7587747934796676
   0.7312500000000001   0.6924852313948607
   0.7337500000000000   0.5382037189723683
   0.7362500000000000   0.4081197200316798
   0.7387500000000000   0.3328854670682462
   0.7412500000000000   0.2976939262077628
   0.7437500000000000   0.2833587207835713
   0.7462500000000000   0.2779940161351867
   0.7487500000000000   0.2760607904541728
   0.7512500000000000   0.2753743599082730
   0.7537500000000000   0.2751319259479556
   0.7562500000000000   0.2750464660729223
   0.7587500000000000   0.2750163618723544
   0.7612500000000000   0.2750057604583415
   0.7637500000000000   0.2750020277267179
   0.7662500000000000   0.2750007136354669
   0.7687500000000000   0.2750002510939269
   0.7712500000000000   0.2750000883204700
   0.7737500000000000   0.2750000310541548
   0.7762500000000000   0.2750000109137570
   0.7787500000000001   0.2750000038333915
   0.7812500000000000   0.2750000013455485
   0.7837500000000001   0.2750000004719221
   0.7862500000000000   0.2750000001653633
   0.7887500000000001   0.2750000000578821
   0.7912500000000000   0.2750000000202356
   0.7937500000000001   0.2750000000070645
   0.7962500000000000   0.2750000000024623
   0.7987500000000001   0.2750000000008566
   0.8012500000000000   0.2750000000002974
   0.8037500000000000   0.2750000000001031
   0.8062500000000000   0.2750000000000356
   0.8087500000000000   0.2750000000000121
   0.8112500000000000   0.2750000000000041
   0.8137500000000000   0.2750000000000013
   0.8162500000000000   0.2750000000000004
   0.8187500000000000   0.2750000000000001
   0.8212500000000000   0.2750000000000000
   0.8237500000000000   0.2750000000000000
   0.8262500000000000   0.2750000000000000
   0.8287500000000000   0.2750000000000000
   0.8312500000000000   0.2750000000000000
   0.8337500000000000   0.2750000000000000
   0.8362500000000000   0.2750000000000000
   0.8387500000000000   0.2750000000000000
   0.8412500000000001   0.2750000000000000
   0.8437500000000000   0.2750000000000000
   0.8462500000000001   0.2750000000000000
   0.8487500000000000   0.2750000000000000
   0.8512500000000001   0.2750000000000000
   0.8537500000000000   0.2750000000000000
   0.8562500000000001   0.2750000000000000
   0.8587500000000000   0.2750000000000000
   0.8612500000000001   0.2750000000000000
   0.8637500000000000   0.2750000000000000
   0.8662500000000000   0.2750000000000000
   0.8687500000000000   0.2750000000000000
   0.8712500000000000   0.2750000000000000
   0.8737500000000000   0.2750000000000000
   0.8762500000000000   0.2750000000000000
   0.8787500000000000   0.2750000000000000
   0.8812500000000000   0.2750000000000000
   0.8837500000000000   0.2750000000000000
   0.8862500000000000   0.2750000000000000
   0.8887500000000000   0.2750000000000000
   0.8912500000000000   0.2750000000000000
   0.8937500000000000   0.2750000000000000
   0.8962500000000000   0.2750000000000000
   0.8987500000000000   0.2750000000000000
   0.9012500000000000   0.2750000000000000
   0.9037500000000001   0.2750000000000000
   0.9062500000000000   0.2750000000000000
   0.9087500000000001   0.2750000000000000
   0.9112500000000000   0.2750000000000000
   0.9137500000000001   0.2750000000000000
   0.9162500000000000   0.2750000000000000
   0.9187500000000001   0.2750000000000000
   0.9212500000000000   0.2750000000000000
   0.9237500000000001   0.2750000000000000
   0.9262500000000000   0.2750000000000000
   0.9287500000000000   0.2750000000000000
   0.9312500000000000   0.2750000000000000
   0.9337500000000000   0.2750000000000000
   0.9362500000000000   0.2750000000000000
   0.9387500000000000   0.2750000000000000
   0.9412500000000000   0.2750000000000000
   0.9437500000000000   0.2750000000000000
   0.9462500000000000   0.2750000000000000
   0.9487500000000000   0.2750000000000000
   0.9512500000000000   0.2750000000000000
   0.9537500000000000   0.2750000000000000
   0.9562500000000000   0.2750000000000000
   0.9587500000000000   0.2750000000000000
   0.9612500000000000   0.2750000000000000
   0.9637500000000000   0.2750000000000000
   0.9662500000000001   0.2750000000000000
   0.9687500000000000   0.2750000000000000
   0.9712500000000001   0.2750000000000000
   0.9737500000000000   0.2750000000000000
   0.9762500000000001   0.2750000000000000
   0.9787500000000000   0.2750000000000000
   0.9812500000000001   0.2750000000000000
   0.9837500000000000   0.2750000000000000
   0.9862500000000001   0.2750000000000000
   0.9887500000000000   0.2750000000000000
   0.9912500000000001   0.2750000000000000
   0.9937500000000000   0.2750000000000000
   0.9962500000000000   0.2750000000000000
   0.9987500000000000   0.2750000000000000
