   1.2500000000000000E-03   0.8790000000000022
   3.7499999999999999E-03   0.8790000000000017
   6.2500000000000003E-03   0.8790000000000010
   8.7500000000000008E-03   0.8790000000000008
   1.1250000000000000E-02   0.8790000000000029
   1.3750000000000000E-02   0.8790000000000029
   1.6250000000000001E-02   0.8790000000000012
   1.8749999999999999E-02   0.8790000000000009
   2.1250000000000002E-02   0.8789999999999977
   2.3750000000000000E-02   0.8789999999999955
   2.6249999999999999E-02   0.8789999999999970
   2.8750000000000001E-02   0.8789999999999994
   3.1250000000000000E-02   0.8789999999999999
   3.3750000000000002E-02   0.8789999999999992
   3.6249999999999998E-02   0.8790000000000006
   3.8750000000000000E-02   0.8790000000000030
   4.1250000000000002E-02   0.8790000000000033
   4.3750000000000004E-02   0.8790000000000024
   4.6249999999999999E-02   0.8790000000000019
   4.8750000000000002E-02   0.8790000000000000
   5.1250000000000004E-02   0.8789999999999994
   5.3749999999999999E-02   0.8789999999999996
   5.6250000000000001E-02   0.8789999999999996
   5.8750000000000004E-02   0.8789999999999978
   6.1249999999999999E-02   0.8789999999999961
   6.3750000000000001E-02   0.8789999999999948
   6.6250000000000003E-02   0.8789999999999939
   6.8750000000000006E-02   0.8789999999999936
   7.1250000000000008E-02   0.8789999999999959
   7.3749999999999996E-02   0.8789999999999994
   7.6249999999999998E-02   0.8789999999999997
   7.8750000000000001E-02   0.8789999999999988
   8.1250000000000003E-02   0.8789999999999951
   8.3750000000000005E-02   0.8789999999999939
   8.6250000000000007E-02   0.8789999999999922
   8.8749999999999996E-02   0.8789999999999898
   9.1249999999999998E-02   0.8789999999999920
   9.3750000000000000E-02   0.8789999999999939
   9.6250000000000002E-02   0.8789999999999993
   9.8750000000000004E-02   0.8790000000000012
   0.1012500000000000   0.8790000000000020
   0.1037500000000000   0.8790000000000010
   0.1062500000000000   0.8790000000000000
   0.1087500000000000   0.8789999999999996
   0.1112500000000000   0.8789999999999981
   0.1137500000000000   0.8789999999999979
   0.1162500000000000   0.8789999999999939
   0.1187500000000000   0.8789999999999936
   0.1212500000000000   0.8789999999999943
   0.1237500000000000   0.8789999999999950
   0.1262500000000000   0.8789999999999989
   0.1287500000000000   0.8790000000000009
   0.1312500000000000   0.8790000000000032
   0.1337500000000000   0.8790000000000033
   0.1362500000000000   0.8790000000000040
   0.1387500000000000   0.8790000000000033
   0.1412500000000000   0.8790000000000022
   0.1437500000000000   0.8790000000000031
   0.1462500000000000   0.8790000000000026
   0.1487500000000000   0.8789999999999994
   0.1512500000000000   0.8789999999999890
   0.1537500000000000   0.8789999999999601
   0.1562500000000000   0.8789999999998880
   0.1587500000000000   0.8789999999997216
   0.1612500000000000   0.8789999999993382
   0.1637500000000000   0.8789999999984600
   0.1662500000000000   0.8789999999964797
   0.1687500000000000   0.8789999999920401
   0.1712500000000000   0.8789999999821234
   0.1737500000000000   0.8789999999601408
   0.1762500000000000   0.8789999999118191
   0.1787500000000000   0.8789999998063982
   0.1812500000000000   0.8789999995780695
   0.1837500000000000   0.8789999990870154
   0.1862500000000000   0.8789999980382124
   0.1887500000000000   0.8789999958130664
   0.1912500000000000   0.8789999911226523
   0.1937500000000000   0.8789999812970918
   0.1962500000000000   0.8789999608367175
   0.1987500000000000   0.8789999184719083
   0.2012500000000000   0.8789998312217452
   0.2037500000000000   0.8789996524334035
   0.2062500000000000   0.8789992877841831
   0.2087500000000000   0.8789985472697645
   0.2112500000000000   0.8789970493809631
   0.2137500000000000   0.8789940302285811
   0.2162500000000000   0.8789879639316296
   0.2187500000000000   0.8789758084448926
   0.2212500000000000   0.8789515130507753
   0.2237500000000000   0.8789031769915610
   0.2262500000000000   0.8788075869382461
   0.2287500000000000   0.8786197317556121
   0.2312500000000000   0.8782529933480373
   0.2337500000000000   0.8775418906177811
   0.2362500000000000   0.8761724830776868
   0.2387500000000000   0.8735533643653123
   0.2412500000000000   0.8685798487916787
   0.2437500000000000   0.8592187623805907
   0.2462500000000000   0.8418619753915758
   0.2487500000000000   0.8107511024490529
   0.2512500000000000   0.7591567543045572
   0.2537500000000000   0.6870913090041540
   0.2562500000000000   0.6429827209113929
   0.2587500000000000   0.6329566674298894
   0.2612500000000000   0.6306046208969668
   0.2637500000000000   0.6300514109886934
   0.2662500000000000   0.6298897696214656
   0.2687500000000000   0.6298393403115390
   0.2712500000000000   0.6298159532776560
   0.2737500000000000   0.6297979414536703
   0.2762500000000000   0.6297686480995488
   0.2787500000000000   0.6297170789452438
   0.2812500000000000   0.6296475456564559
   0.2837500000000000   0.6295801544433338
   0.2862500000000000   0.6295559448693897
   0.2887500000000000   0.6295467406591143
   0.2912500000000000   0.6295417149924207
   0.2937500000000000   0.6295364101095980
   0.2962500000000000   0.6295282084412873
   0.2987500000000000   0.6295154403771051
   0.3012500000000000   0.6294991091686696
   0.3037500000000000   0.6294831345839835
   0.3062500000000000   0.6294762801171992
   0.3087500000000000   0.6294735265522009
   0.3112500000000000   0.6294720690689634
   0.3137500000000000   0.6294697594696519
   0.3162500000000000   0.6294653141870887
   0.3187500000000000   0.6294589079581033
   0.3212500000000000   0.6294519192976482
   0.3237500000000000   0.6294458356860927
   0.3262500000000000   0.6294416492794415
   0.3287500000000000   0.6294396387009065
   0.3312500000000000   0.6294383879507512
   0.3337500000000000   0.6294369969510465
   0.3362500000000000   0.6294350552148603
   0.3387500000000000   0.6294323358661501
   0.3412500000000000   0.6294291457778447
   0.3437500000000000   0.6294260986908365
   0.3462500000000000   0.6294237803492870
   0.3487500000000000   0.6294222351726003
   0.3512500000000000   0.6294209713887198
   0.3537500000000000   0.6294194045740650
   0.3562500000000000   0.6294173881892703
   0.3587500000000000   0.6294152782098822
   0.3612500000000000   0.6294135304270730
   0.3637500000000000   0.6294122562517280
   0.3662500000000000   0.6294111788697949
   0.3687500000000000   0.6294099638414521
   0.3712500000000000   0.6294085371697047
   0.3737500000000000   0.6294070745373893
   0.3762500000000000   0.6294057460422871
   0.3787500000000000   0.6294045380075501
   0.3812500000000000   0.6294033238920276
   0.3837500000000000   0.6294020508949099
   0.3862500000000000   0.6294008041909255
   0.3887500000000000   0.6293996980608721
   0.3912500000000000   0.6293987507565294
   0.3937500000000000   0.6293978897826671
   0.3962500000000000   0.6293970487290852
   0.3987500000000000   0.6293962205465040
   0.4012500000000000   0.6293954162756343
   0.4037500000000000   0.6293946100802655
   0.4062500000000000   0.6293937605753749
   0.4087500000000000   0.6293928734800720
   0.4112500000000000   0.6293920172279038
   0.4137500000000000   0.6293912532533209
   0.4162500000000000   0.6293905660442287
   0.4187500000000000   0.6293898880965806
   0.4212500000000000   0.6293891650471500
   0.4237500000000000   0.6293884241279271
   0.4262500000000000   0.6293877128947736
   0.4287500000000000   0.6293870414230163
   0.4312500000000000   0.6293863866651764
   0.4337500000000000   0.6293857093384567
   0.4362500000000000   0.6293850438570203
   0.4387500000000000   0.6293844414964039
   0.4412500000000000   0.6293838862663907
   0.4437500000000000   0.6293833434727152
   0.4462500000000000   0.6293827501469516
   0.4487500000000000   0.6293820843523513
   0.4512500000000000   0.6293814454692755
   0.4537500000000000   0.6293808801475724
   0.4562500000000000   0.6293803747167431
   0.4587500000000000   0.6293799123223602
   0.4612500000000000   0.6293794523186366
   0.4637500000000000   0.6293789638455911
   0.4662500000000000   0.6293784833704402
   0.4687500000000000   0.6293780245813777
   0.4712500000000000   0.6293775550835500
   0.4737500000000000   0.6293770688497323
   0.4762500000000000   0.6293765834763182
   0.4787500000000000   0.6293761436122610
   0.4812500000000000   0.6293757292940819
   0.4837500000000000   0.6293752673900228
   0.4862500000000000   0.6293747080866898
   0.4887500000000000   0.6293741569001221
   0.4912500000000000   0.6293736668346461
   0.4937500000000000   0.6293732018842321
   0.4962500000000000   0.6293727544619342
   0.4987500000000000   0.6293723912244417
   0.5012500000000000   0.6293720753167191
   0.5037500000000000   0.6293716702148338
   0.5062500000000000   0.6293712397927583
   0.5087500000000000   0.6293709105794504
   0.5112500000000000   0.6293706169837587
   0.5137500000000000   0.6293701894693047
   0.5162500000000000   0.6293695910135745
   0.5187500000000000   0.6293690862247431
   0.5212500000000000   0.6293687543515331
   0.5237500000000000   0.6293683916645562
   0.5262500000000000   0.6293677897515243
   0.5287500000000001   0.6293670566905354
   0.5312500000000000   0.6293666663409280
   0.5337500000000001   0.6293664641182126
   0.5362500000000000   0.6293663481302012
   0.5387500000000001   0.6293663675064436
   0.5412500000000000   0.6293663646838573
   0.5437500000000001   0.6293664083033716
   0.5462500000000000   0.6293665460005682
   0.5487500000000000   0.6293666522378649
   0.5512500000000000   0.6293666609902051
   0.5537500000000000   0.6293667126941093
   0.5562500000000000   0.6293667657169877
   0.5587500000000000   0.6293668318531823
   0.5612500000000000   0.6293669699630594
   0.5637500000000000   0.6293673724572256
   0.5662500000000000   0.6293683997464278
   0.5687500000000000   0.6293708645243035
   0.5712500000000000   0.6293765351254370
   0.5737500000000000   0.6293893080093460
   0.5762500000000000   0.6294188184466054
   0.5787500000000000   0.6294884267212274
   0.5812500000000000   0.6296510893431619
   0.5837500000000000   0.6300304223833241
   0.5862500000000000   0.6309270998333426
   0.5887500000000000   0.6330469327120526
   0.5912500000000001   0.6380386100065328
   0.5937500000000000   0.6495018010928135
   0.5962500000000001   0.6729925158843821
   0.5987500000000000   0.6969804987890106
   0.6012500000000001   0.7186437703381406
   0.6037500000000000   0.7367900512387071
   0.6062500000000001   0.7509618480479007
   0.6087500000000000   0.7613140599997148
   0.6112500000000000   0.7684302491322803
   0.6137500000000000   0.7730719440652661
   0.6162500000000000   0.7759717325166395
   0.6187500000000000   0.7777226999612686
   0.6212500000000000   0.7787530408475374
   0.6237500000000000   0.7793481681089555
   0.6262500000000000   0.7796878127414373
   0.6287500000000000   0.7798806035950908
   0.6312500000000000   0.7799902324842600
   0.6337500000000000   0.7800531870945132
   0.6362500000000000   0.7800900110193035
   0.6387500000000000   0.7801121484599968
   0.6412500000000000   0.7801259459251900
   0.6437500000000000   0.7801349224027182
   0.6462500000000000   0.7801410538047479
   0.6487500000000000   0.7801454967445527
   0.6512500000000000   0.7801489551096619
   0.6537500000000001   0.7801518506080075
   0.6562500000000000   0.7801544276785316
   0.6587500000000001   0.7801568332175871
   0.6612500000000000   0.7801591601865370
   0.6637500000000001   0.7801614639106046
   0.6662500000000000   0.7801637657485608
   0.6687500000000001   0.7801660432160347
   0.6712500000000000   0.7801682318348905
   0.6737500000000000   0.7801702874906532
   0.6762500000000000   0.7801722706125260
   0.6787500000000000   0.7801743330665264
   0.6812500000000000   0.7801765924795435
   0.6837500000000000   0.7801790183395886
   0.6862500000000000   0.7801814526366918
   0.6887500000000000   0.7801837528822692
   0.6912500000000000   0.7801859481701146
   0.6937500000000000   0.7801882676336310
   0.6962500000000000   0.7801909780448958
   0.6987500000000000   0.7801941253286645
   0.7012500000000000   0.7801974195588038
   0.7037500000000000   0.7802004112321086
   0.7062500000000000   0.7802028366575321
   0.7087500000000000   0.7802048630273258
   0.7112500000000000   0.7802070424740318
   0.7137500000000000   0.7802099930369220
   0.7162500000000001   0.7802139844749417
   0.7187500000000000   0.7802187019752571
   0.7212500000000001   0.7802233750297417
   0.7237500000000000   0.7802272267684368
   0.7262500000000001   0.7802299504555678
   0.7287500000000000   0.7802319350010644
   0.7312500000000001   0.7802341375404502
   0.7337500000000000   0.7802376541925866
   0.7362500000000000   0.7802431764674468
   0.7387500000000000   0.7802506021102704
   0.7412500000000000   0.7802590357471240
   0.7437500000000000   0.7802671394460241
   0.7462500000000000   0.7802736693359084
   0.7487500000000000   0.7802779837283793
   0.7512500000000000   0.7802803479356071
   0.7537500000000000   0.7802818938871912
   0.7562500000000000   0.7802842428428092
   0.7587500000000000   0.7802900011861298
   0.7612500000000000   0.7803061316972295
   0.7637500000000000   0.7803256328741105
   0.7662500000000000   0.7803439436917822
   0.7687500000000000   0.7803584727616496
   0.7712500000000000   0.7803681253790364
   0.7737500000000000   0.7803735065177968
   0.7762500000000000   0.7803766477186034
   0.7787500000000001   0.7803805569555659
   0.7812500000000000   0.7803889960474438
   0.7837500000000001   0.7804172235876811
   0.7862500000000000   0.7804786388849031
   0.7887500000000001   0.7805436885237895
   0.7912500000000000   0.7806036025179479
   0.7937500000000001   0.7806536504796091
   0.7962500000000000   0.7806910883961516
   0.7987500000000001   0.7807153743491184
   0.8012500000000000   0.7807284291290080
   0.8037500000000000   0.7807345913153707
   0.8062500000000000   0.7807368375771503
   0.8087500000000000   0.7807373203503478
   0.8112500000000000   0.7807347064662736
   0.8137500000000000   0.7807124985244773
   0.8162500000000000   0.7805860702256431
   0.8187500000000000   0.7799305339571377
   0.8212500000000000   0.7766635436029650
   0.8237500000000000   0.7699973615327609
   0.8262500000000000   0.7631234150920992
   0.8287500000000000   0.7562056008554655
   0.8312500000000000   0.7492058413557077
   0.8337500000000000   0.7420982460795883
   0.8362500000000000   0.7348570677770879
   0.8387500000000000   0.7274549167174109
   0.8412500000000001   0.7198621137659167
   0.8437500000000000   0.7120463101481748
   0.8462500000000001   0.7039728041375184
   0.8487500000000000   0.6956059878113920
   0.8512500000000001   0.6869125094885244
   0.8537500000000000   0.6778667853681782
   0.8562500000000001   0.6684593032086977
   0.8587500000000000   0.6587075710042392
   0.8612500000000001   0.6486684629524385
   0.8637500000000000   0.6384492047888477
   0.8662500000000000   0.6282128181696550
   0.8687500000000000   0.6181734408948847
   0.8712500000000000   0.6085785718134339
   0.8737500000000000   0.5996792485672954
   0.8762500000000000   0.5916942213902352
   0.8787500000000000   0.5847777253457320
   0.8812500000000000   0.5790000646062781
   0.8837500000000000   0.5743456895507983
   0.8862500000000000   0.5707271944389807
   0.8887500000000000   0.5680089759829480
   0.8912500000000000   0.5660329927142690
   0.8937500000000000   0.5646407261665424
   0.8962500000000000   0.5636883794766846
   0.8987500000000000   0.5630550004712533
   0.9012500000000000   0.5626448445761019
   0.9037500000000001   0.5623858863627273
   0.9062500000000000   0.5622262810522917
   0.9087500000000001   0.5621301389868431
   0.9112500000000000   0.5620734735935080
   0.9137500000000001   0.5620407593120772
   0.9162500000000000   0.5620222391993347
   0.9187500000000001   0.5620119469230629
   0.9212500000000000   0.5620063257607492
   0.9237500000000001   0.5620033051789072
   0.9262500000000000   0.5620017062437387
   0.9287500000000000   0.5620008714103271
   0.9312500000000000   0.5620004409019591
   0.9337500000000000   0.5620002213344688
   0.9362500000000000   0.5620001104433873
   0.9387500000000000   0.5620000548778227
   0.9412500000000000   0.5620000271485986
   0.9437500000000000   0.5620000133656834
   0.9462500000000000   0.5620000065453912
   0.9487500000000000   0.5620000031871494
   0.9512500000000000   0.5620000015424971
   0.9537500000000000   0.5620000007417325
   0.9562500000000000   0.5620000003542657
   0.9587500000000000   0.5620000001680125
   0.9612500000000000   0.5620000000790981
   0.9637500000000000   0.5620000000369557
   0.9662500000000001   0.5620000000171319
   0.9687500000000000   0.5620000000078779
   0.9712500000000001   0.5620000000035938
   0.9737500000000000   0.5620000000016273
   0.9762500000000001   0.5620000000007308
   0.9787500000000000   0.5620000000003251
   0.9812500000000001   0.5620000000001441
   0.9837500000000000   0.5620000000000633
   0.9862500000000001   0.5620000000000284
   0.9887500000000000   0.5620000000000122
   0.9912500000000001   0.5620000000000057
   0.9937500000000000   0.5620000000000017
   0.9962500000000000   0.5620000000000009
   0.9987500000000000   0.5620000000000004
