   1.2500000000000000E-03   0.8790000000000000
   3.7499999999999999E-03   0.8790000000000000
   6.2500000000000003E-03   0.8790000000000000
   8.7500000000000008E-03   0.8790000000000000
   1.1250000000000000E-02   0.8790000000000000
   1.3750000000000000E-02   0.8790000000000000
   1.6250000000000001E-02   0.8790000000000000
   1.8749999999999999E-02   0.8790000000000000
   2.1250000000000002E-02   0.8790000000000000
   2.3750000000000000E-02   0.8790000000000000
   2.6249999999999999E-02   0.8790000000000000
   2.8750000000000001E-02   0.8790000000000000
   3.1250000000000000E-02   0.8790000000000000
   3.3750000000000002E-02   0.8790000000000000
   3.6249999999999998E-02   0.8790000000000000
   3.8750000000000000E-02   0.8790000000000000
   4.1250000000000002E-02   0.8790000000000000
   4.3750000000000004E-02   0.8790000000000000
   4.6249999999999999E-02   0.8790000000000000
   4.8750000000000002E-02   0.8790000000000000
   5.1250000000000004E-02   0.8790000000000000
   5.3749999999999999E-02   0.8790000000000000
   5.6250000000000001E-02   0.8790000000000000
   5.8750000000000004E-02   0.8790000000000000
   6.1249999999999999E-02   0.8790000000000000
   6.3750000000000001E-02   0.8790000000000000
   6.6250000000000003E-02   0.8790000000000000
   6.8750000000000006E-02   0.8790000000000000
   7.1250000000000008E-02   0.8790000000000000
   7.3749999999999996E-02   0.8790000000000000
   7.6249999999999998E-02   0.8790000000000000
   7.8750000000000001E-02   0.8790000000000000
   8.1250000000000003E-02   0.8790000000000000
   8.3750000000000005E-02   0.8790000000000000
   8.6250000000000007E-02   0.8790000000000000
   8.8749999999999996E-02   0.8790000000000000
   9.1249999999999998E-02   0.8790000000000000
   9.3750000000000000E-02   0.8790000000000000
   9.6250000000000002E-02   0.8790000000000000
   9.8750000000000004E-02   0.8790000000000000
   0.1012500000000000   0.8790000000000000
   0.1037500000000000   0.8790000000000000
   0.1062500000000000   0.8790000000000000
   0.1087500000000000   0.8790000000000000
   0.1112500000000000   0.8790000000000000
   0.1137500000000000   0.8790000000000000
   0.1162500000000000   0.8790000000000000
   0.1187500000000000   0.8790000000000000
   0.1212500000000000   0.8790000000000000
   0.1237500000000000   0.8790000000000000
   0.1262500000000000   0.8790000000000000
   0.1287500000000000   0.8790000000000000
   0.1312500000000000   0.8790000000000000
   0.1337500000000000   0.8790000000000000
   0.1362500000000000   0.8790000000000000
   0.1387500000000000   0.8790000000000000
   0.1412500000000000   0.8790000000000000
   0.1437500000000000   0.8790000000000000
   0.1462500000000000   0.8790000000000000
   0.1487500000000000   0.8790000000000000
   0.1512500000000000   0.8790000000000000
   0.1537500000000000   0.8790000000000000
   0.1562500000000000   0.8790000000000000
   0.1587500000000000   0.8790000000000000
   0.1612500000000000   0.8790000000000000
   0.1637500000000000   0.8790000000000000
   0.1662500000000000   0.8790000000000000
   0.1687500000000000   0.8790000000000000
   0.1712500000000000   0.8790000000000000
   0.1737500000000000   0.8790000000000000
   0.1762500000000000   0.8790000000000000
   0.1787500000000000   0.8790000000000000
   0.1812500000000000   0.8790000000000000
   0.1837500000000000   0.8790000000000000
   0.1862500000000000   0.8790000000000000
   0.1887500000000000   0.8790000000000000
   0.1912500000000000   0.8790000000000000
   0.1937500000000000   0.8790000000000000
   0.1962500000000000   0.8790000000000000
   0.1987500000000000   0.8790000000000000
   0.2012500000000000   0.8790000000000000
   0.2037500000000000   0.8790000000000000
   0.2062500000000000   0.8790000000000000
   0.2087500000000000   0.8790000000000000
   0.2112500000000000   0.8790000000000000
   0.2137500000000000   0.8790000000000000
   0.2162500000000000   0.8790000000000000
   0.2187500000000000   0.8790000000000000
   0.2212500000000000   0.8790000000000000
   0.2237500000000000   0.8790000000000000
   0.2262500000000000   0.8790000000000000
   0.2287500000000000   0.8790000000000000
   0.2312500000000000   0.8790000000000000
   0.2337500000000000   0.8790000000000000
   0.2362500000000000   0.8790000000000000
   0.2387500000000000   0.8790000000000000
   0.2412500000000000   0.8790000000000000
   0.2437500000000000   0.8790000000000000
   0.2462500000000000   0.8790000000000000
   0.2487500000000000   0.8790000000000000
   0.2512500000000000   0.8790000000000000
   0.2537500000000000   0.8790000000000000
   0.2562500000000000   0.8790000000000000
   0.2587500000000000   0.8790000000000000
   0.2612500000000000   0.8790000000000000
   0.2637500000000000   0.8790000000000000
   0.2662500000000000   0.8790000000000000
   0.2687500000000000   0.8789999999999999
   0.2712500000000000   0.8789999999999999
   0.2737500000000000   0.8789999999999997
   0.2762500000000000   0.8789999999999999
   0.2787500000000000   0.8789999999999997
   0.2812500000000000   0.8790000000000008
   0.2837500000000000   0.8790000000000016
   0.2862500000000000   0.8790000000000017
   0.2887500000000000   0.8790000000000016
   0.2912500000000000   0.8789999999999988
   0.2937500000000000   0.8789999999999957
   0.2962500000000000   0.8789999999999929
   0.2987500000000000   0.8789999999999861
   0.3012500000000000   0.8789999999999605
   0.3037500000000000   0.8789999999998870
   0.3062500000000000   0.8789999999996795
   0.3087500000000000   0.8789999999990896
   0.3112500000000000   0.8789999999974585
   0.3137500000000000   0.8789999999930231
   0.3162500000000000   0.8789999999811139
   0.3187500000000000   0.8789999999496021
   0.3212500000000000   0.8789999998674138
   0.3237500000000000   0.8789999996560409
   0.3262500000000000   0.8789999991200117
   0.3287500000000000   0.8789999977795814
   0.3312500000000000   0.8789999944739414
   0.3337500000000000   0.8789999864335873
   0.3362500000000000   0.8789999671422740
   0.3387500000000000   0.8789999214776631
   0.3412500000000000   0.8789998148172397
   0.3437500000000000   0.8789995689398123
   0.3462500000000000   0.8789990094072920
   0.3487500000000000   0.8789977521110613
   0.3512500000000000   0.8789949615822580
   0.3537500000000000   0.8789888420020541
   0.3562500000000000   0.8789755768258637
   0.3587500000000000   0.8789471418517000
   0.3612500000000000   0.8788868363857487
   0.3637500000000000   0.8787602274587941
   0.3662500000000000   0.8784969343581033
   0.3687500000000000   0.8779542244212764
   0.3712500000000000   0.8768446659624587
   0.3737500000000000   0.8745930877481327
   0.3762500000000000   0.8700554080269035
   0.3787500000000000   0.8609742909337785
   0.3812500000000000   0.8430933287667410
   0.3837500000000000   0.8092890034878032
   0.3862500000000000   0.7506569459121030
   0.3887500000000000   0.6643295731332542
   0.3912500000000000   0.5629313994680812
   0.3937500000000000   0.4872190365614137
   0.3962500000000000   0.4575516257347984
   0.3987500000000000   0.4440944859611499
   0.4012500000000000   0.4376932843575914
   0.4037500000000000   0.4345628693924315
   0.4062500000000000   0.4330214838775671
   0.4087500000000000   0.4322773384888556
   0.4112500000000000   0.4319331445978064
   0.4137500000000000   0.4317731573962768
   0.4162500000000000   0.4316986409982197
   0.4187500000000000   0.4316687186003983
   0.4212500000000000   0.4316600468460162
   0.4237500000000000   0.4316563012545893
   0.4262500000000000   0.4316540997694551
   0.4287500000000000   0.4316538443195154
   0.4312500000000000   0.4316557537409049
   0.4337500000000000   0.4316580251467577
   0.4362500000000000   0.4316623134873633
   0.4387500000000000   0.4316718276044970
   0.4412500000000000   0.4316873802522030
   0.4437500000000000   0.4317057052272953
   0.4462500000000000   0.4317227184062521
   0.4487500000000000   0.4317343480333956
   0.4512500000000000   0.4317398125019883
   0.4537500000000000   0.4317427553929207
   0.4562500000000000   0.4317473833755586
   0.4587500000000000   0.4317540718748327
   0.4612500000000000   0.4317579292374264
   0.4637500000000000   0.4317596798955410
   0.4662500000000000   0.4317606453093464
   0.4687500000000000   0.4317619993255085
   0.4712500000000000   0.4317645593091576
   0.4737500000000000   0.4317684684395737
   0.4762500000000000   0.4317731191612817
   0.4787500000000000   0.4317768677458855
   0.4812500000000000   0.4317783980836049
   0.4837500000000000   0.4317790994853744
   0.4862500000000000   0.4317794316423183
   0.4887500000000000   0.4317798565718429
   0.4912500000000000   0.4317807084231435
   0.4937500000000000   0.4317820437409327
   0.4962500000000000   0.4317838871415912
   0.4987500000000000   0.4317861171982004
   0.5012500000000000   0.4317877523820275
   0.5037500000000000   0.4317883204165041
   0.5062500000000000   0.4317885292108522
   0.5087500000000000   0.4317887651615857
   0.5112500000000000   0.4317889623350218
   0.5137500000000000   0.4317889923617335
   0.5162500000000000   0.4317891888165151
   0.5187500000000000   0.4317895154248975
   0.5212500000000000   0.4317898184530166
   0.5237500000000000   0.4317902937949333
   0.5262500000000000   0.4317904265099988
   0.5287500000000001   0.4317904121232321
   0.5312500000000000   0.4317903489516202
   0.5337500000000001   0.4317901712397375
   0.5362500000000000   0.4317899025636748
   0.5387500000000001   0.4317896991215135
   0.5412500000000000   0.4317896270734389
   0.5437500000000001   0.4317893554866525
   0.5462500000000000   0.4317892227615425
   0.5487500000000000   0.4317890619210252
   0.5512500000000000   0.4317888538725395
   0.5537500000000000   0.4317885126468836
   0.5562500000000000   0.4317876841999657
   0.5587500000000000   0.4317859839306465
   0.5612500000000000   0.4317839867364471
   0.5637500000000000   0.4317830680813246
   0.5662500000000000   0.4317827576689420
   0.5687500000000000   0.4317822942064449
   0.5712500000000000   0.4317816580873859
   0.5737500000000000   0.4317797927706127
   0.5762500000000000   0.4317765744462813
   0.5787500000000000   0.4317734770188285
   0.5812500000000000   0.4317703635960932
   0.5837500000000000   0.4317686489258793
   0.5862500000000000   0.4317680519023581
   0.5887500000000000   0.4317680686706787
   0.5912500000000001   0.4317687960782903
   0.5937500000000000   0.4317709661158411
   0.5962500000000001   0.4317771135212891
   0.5987500000000000   0.4317954416762743
   0.6012500000000001   0.4318502858549971
   0.6037500000000000   0.4320112838339446
   0.6062500000000001   0.4324766515773110
   0.6087500000000000   0.4337737123311962
   0.6112500000000000   0.4372957422256328
   0.6137500000000000   0.4412257331574503
   0.6162500000000000   0.4445379617729019
   0.6187500000000000   0.4471583334556612
   0.6212500000000000   0.4491113099849483
   0.6237500000000000   0.4504926701627739
   0.6262500000000000   0.4514259561966785
   0.6287500000000000   0.4520329332651318
   0.6312500000000000   0.4524158165103347
   0.6337500000000000   0.4526511996225899
   0.6362500000000000   0.4527930080735183
   0.6387500000000000   0.4528777476681348
   0.6412500000000000   0.4529277462445266
   0.6437500000000000   0.4529567263659984
   0.6462500000000000   0.4529735998753108
   0.6487500000000000   0.4529839216990598
   0.6512500000000000   0.4529902983406408
   0.6537500000000001   0.4529946959800594
   0.6562500000000000   0.4529983187477551
   0.6587500000000001   0.4530018469346206
   0.6612500000000000   0.4530038331200050
   0.6637500000000001   0.4530047173187711
   0.6662500000000000   0.4530050556044253
   0.6687500000000001   0.4530050119429230
   0.6712500000000000   0.4530049288830543
   0.6737500000000000   0.4530051598185763
   0.6762500000000000   0.4530056214089127
   0.6787500000000000   0.4530066652462401
   0.6812500000000000   0.4530087378399708
   0.6837500000000000   0.4530099559572821
   0.6862500000000000   0.4530102144409995
   0.6887500000000000   0.4530101042276596
   0.6912500000000000   0.4530095049815688
   0.6937500000000000   0.4530088417700971
   0.6962500000000000   0.4530088328252039
   0.6987500000000000   0.4530091276768310
   0.7012500000000000   0.4530100234069875
   0.7037500000000000   0.4530116734228350
   0.7062500000000000   0.4530121597118610
   0.7087500000000000   0.4530121295117662
   0.7112500000000000   0.4530116304287503
   0.7137500000000000   0.4530106474417853
   0.7162500000000001   0.4530104948472403
   0.7187500000000000   0.4530107926482864
   0.7212500000000001   0.4530118912139523
   0.7237500000000000   0.4530145303803850
   0.7262500000000001   0.4530162751248225
   0.7287500000000000   0.4530164688654921
   0.7312500000000001   0.4530159890728031
   0.7337500000000000   0.4530142819674818
   0.7362500000000000   0.4530121996270877
   0.7387500000000000   0.4530120022812852
   0.7412500000000000   0.4530127426264477
   0.7437500000000000   0.4530151198304729
   0.7462500000000000   0.4530200532513159
   0.7487500000000000   0.4530220720374447
   0.7512500000000000   0.4530223182265821
   0.7537500000000000   0.4530217483985429
   0.7562500000000000   0.4530194510277564
   0.7587500000000000   0.4530154247293863
   0.7612500000000000   0.4530147591581702
   0.7637500000000000   0.4530163129715939
   0.7662500000000000   0.4530212980526452
   0.7687500000000000   0.4530259679347756
   0.7712500000000000   0.4530270286948918
   0.7737500000000000   0.4530276395181648
   0.7762500000000000   0.4530284155194374
   0.7787500000000001   0.4530239283392676
   0.7812500000000000   0.4530063748120507
   0.7837500000000001   0.4529218476978265
   0.7862500000000000   0.4524424167690538
   0.7887500000000001   0.4489485939240662
   0.7912500000000000   0.4202570521440300
   0.7937500000000001   0.3494081998417440
   0.7962500000000000   0.3056209151543997
   0.7987500000000001   0.2860495787765374
   0.8012500000000000   0.2787621198743783
   0.8037500000000000   0.2762482334403522
   0.8062500000000000   0.2754108504715276
   0.8087500000000000   0.2751348518300133
   0.8112500000000000   0.2750442187679975
   0.8137500000000000   0.2750144952340274
   0.8162500000000000   0.2750047501760224
   0.8187500000000000   0.2750015563649231
   0.8212500000000000   0.2750005097902958
   0.8237500000000000   0.2750001669214316
   0.8262500000000000   0.2750000546268974
   0.8287500000000000   0.2750000178645741
   0.8312500000000000   0.2750000058367325
   0.8337500000000000   0.2750000019046397
   0.8362500000000000   0.2750000006205452
   0.8387500000000000   0.2750000002017799
   0.8412500000000001   0.2750000000654528
   0.8437500000000000   0.2750000000211690
   0.8462500000000001   0.2750000000068225
   0.8487500000000000   0.2750000000021896
   0.8512500000000001   0.2750000000006992
   0.8537500000000000   0.2750000000002221
   0.8562500000000001   0.2750000000000700
   0.8587500000000000   0.2750000000000219
   0.8612500000000001   0.2750000000000065
   0.8637500000000000   0.2750000000000020
   0.8662500000000000   0.2750000000000005
   0.8687500000000000   0.2750000000000002
   0.8712500000000000   0.2750000000000000
   0.8737500000000000   0.2750000000000000
   0.8762500000000000   0.2750000000000000
   0.8787500000000000   0.2750000000000000
   0.8812500000000000   0.2750000000000000
   0.8837500000000000   0.2750000000000000
   0.8862500000000000   0.2750000000000000
   0.8887500000000000   0.2750000000000000
   0.8912500000000000   0.2750000000000000
   0.8937500000000000   0.2750000000000000
   0.8962500000000000   0.2750000000000000
   0.8987500000000000   0.2750000000000000
   0.9012500000000000   0.2750000000000000
   0.9037500000000001   0.2750000000000000
   0.9062500000000000   0.2750000000000000
   0.9087500000000001   0.2750000000000000
   0.9112500000000000   0.2750000000000000
   0.9137500000000001   0.2750000000000000
   0.9162500000000000   0.2750000000000000
   0.9187500000000001   0.2750000000000000
   0.9212500000000000   0.2750000000000000
   0.9237500000000001   0.2750000000000000
   0.9262500000000000   0.2750000000000000
   0.9287500000000000   0.2750000000000000
   0.9312500000000000   0.2750000000000000
   0.9337500000000000   0.2750000000000000
   0.9362500000000000   0.2750000000000000
   0.9387500000000000   0.2750000000000000
   0.9412500000000000   0.2750000000000000
   0.9437500000000000   0.2750000000000000
   0.9462500000000000   0.2750000000000000
   0.9487500000000000   0.2750000000000000
   0.9512500000000000   0.2750000000000000
   0.9537500000000000   0.2750000000000000
   0.9562500000000000   0.2750000000000000
   0.9587500000000000   0.2750000000000000
   0.9612500000000000   0.2750000000000000
   0.9637500000000000   0.2750000000000000
   0.9662500000000001   0.2750000000000000
   0.9687500000000000   0.2750000000000000
   0.9712500000000001   0.2750000000000000
   0.9737500000000000   0.2750000000000000
   0.9762500000000001   0.2750000000000000
   0.9787500000000000   0.2750000000000000
   0.9812500000000001   0.2750000000000000
   0.9837500000000000   0.2750000000000000
   0.9862500000000001   0.2750000000000000
   0.9887500000000000   0.2750000000000000
   0.9912500000000001   0.2750000000000000
   0.9937500000000000   0.2750000000000000
   0.9962500000000000   0.2750000000000000
   0.9987500000000000   0.2750000000000000
